0 0.4078125 0.41796875 0.078125 0.046875
1 0.20234375 0.578125 0.0609375 0.2109375
1 0.11328125 0.53046875 0.0546875 0.2
1 0.084375 0.60546875 0.059375 0.15546875
1 0.55234375 0.409375 0.0328125 0.146875
1 0.7453125 0.709375 0.09375 0.375
1 0.28828125 0.428125 0.0484375 0.1890625
1 0.425 0.32109375 0.034375 0.0640625
1 0.45625 0.3515625 0.040625 0.153125
1 0.409375 0.41640625 0.05 0.18359375
0 0.37734375 0.6125 0.1140625 0.09140625
0 0.215625 0.6109375 0.1 0.0890625
1 0.02578125 0.70546875 0.0515625 0.3
0 0.11484375 0.81953125 0.1109375 0.1390625
0 0.2484375 0.425 0.071875 0.0390625
0 0.33828125 0.359375 0.0578125 0.0359375
0 0.45390625 0.35546875 0.0578125 0.028125
0 0.3328125 0.909375 0.1625 0.18046875
0 0.1046875 0.5609375 0.0625 0.071875
1 0.140625 0.74140625 0.109375 0.33359375
