0 0.378125 0.6125 0.115625 0.09140625
0 0.2125 0.60703125 0.090625 0.08046875
1 0.14140625 0.759375 0.1078125 0.296875
1 0.08203125 0.60390625 0.0515625 0.146875
0 0.3328125 0.909375 0.1625 0.18046875
1 0.75625 0.62890625 0.109375 0.35859375
1 0.55234375 0.421875 0.0546875 0.25
1 0.45546875 0.353125 0.0421875 0.15546875
1 0.41796875 0.321875 0.0328125 0.0609375
1 0.409375 0.41953125 0.053125 0.171875
1 0.290625 0.421875 0.04375 0.18359375
1 0.02578125 0.70546875 0.0515625 0.3
1 0.11875 0.54296875 0.0625 0.21953125
1 0.2921875 0.64453125 0.08125 0.3109375
1 0.20234375 0.57890625 0.0578125 0.225
0 0.1140625 0.821875 0.1125 0.1390625
0 0.4515625 0.35703125 0.0625 0.03046875
0 0.103125 0.565625 0.065625 0.0640625
0 0.33828125 0.35703125 0.0609375 0.0359375
0 0.2453125 0.421875 0.06875 0.04453125
0 0.40625 0.421875 0.078125 0.04453125
