1 0.028125 0.70703125 0.05 0.303125
0 0.24453125 0.41953125 0.0671875 0.0390625
1 0.54375 0.403125 0.040625 0.2609375
0 0.3328125 0.9078125 0.1625 0.184375
1 0.07734375 0.60390625 0.0453125 0.15859375
1 0.421875 0.31953125 0.028125 0.0609375
0 0.4015625 0.4234375 0.06875 0.04140625
0 0.3765625 0.6109375 0.115625 0.09453125
1 0.4109375 0.41796875 0.053125 0.18046875
0 0.33828125 0.35703125 0.0609375 0.0359375
0 0.1140625 0.81953125 0.1125 0.1390625
1 0.28828125 0.42890625 0.0484375 0.19140625
0 0.45 0.35390625 0.065625 0.0359375
0 0.10546875 0.5609375 0.0640625 0.078125
1 0.140625 0.746875 0.10625 0.321875
1 0.453125 0.353125 0.046875 0.15546875
1 0.2015625 0.575 0.059375 0.21640625
0 0.215625 0.60859375 0.1 0.08359375
1 0.11484375 0.5484375 0.0578125 0.23046875
1 0.721875 0.70390625 0.109375 0.31953125
