0 0.10625 0.56640625 0.0625 0.0609375
0 0.45078125 0.3515625 0.0609375 0.0359375
0 0.3390625 0.35390625 0.0625 0.0359375
0 0.24609375 0.41796875 0.0703125 0.04140625
0 0.40546875 0.4234375 0.0734375 0.0359375
1 0.02578125 0.70703125 0.0515625 0.303125
0 0.21484375 0.609375 0.0984375 0.0859375
1 0.13984375 0.753125 0.1109375 0.3109375
0 0.37734375 0.615625 0.1171875 0.096875
1 0.203125 0.575 0.059375 0.21640625
1 0.115625 0.5390625 0.0625 0.2109375
1 0.08671875 0.609375 0.0640625 0.1640625
1 0.28828125 0.428125 0.0484375 0.1890625
1 0.40859375 0.4234375 0.0484375 0.18046875
1 0.45703125 0.3515625 0.0390625 0.153125
1 0.41953125 0.31953125 0.0296875 0.06640625
1 0.55 0.42109375 0.05625 0.253125
1 0.74453125 0.70859375 0.0796875 0.3890625
1 0.48203125 0.90703125 0.1390625 0.1859375
0 0.11328125 0.81796875 0.1109375 0.146875
0 0.33046875 0.909375 0.1609375 0.18046875
