1 0.5421875 0.40703125 0.0375 0.25859375
1 0.71796875 0.696875 0.1109375 0.321875
1 0.0828125 0.60859375 0.05625 0.1609375
1 0.4203125 0.31796875 0.025 0.05859375
1 0.0265625 0.70703125 0.053125 0.303125
0 0.37734375 0.6125 0.1140625 0.09140625
0 0.215625 0.6109375 0.1 0.0890625
0 0.11328125 0.81796875 0.1109375 0.146875
0 0.45078125 0.35 0.0640625 0.03359375
0 0.3375 0.35703125 0.059375 0.0359375
1 0.4109375 0.42109375 0.053125 0.1859375
0 0.10390625 0.56640625 0.0671875 0.06640625
0 0.33359375 0.909375 0.1609375 0.18046875
0 0.2484375 0.421875 0.075 0.0390625
0 0.40703125 0.42109375 0.0796875 0.046875
1 0.14375 0.74609375 0.096875 0.31953125
1 0.203125 0.528125 0.059375 0.121875
1 0.28671875 0.42890625 0.0484375 0.1859375
1 0.45390625 0.353125 0.0453125 0.15546875
1 0.11484375 0.540625 0.0546875 0.21953125
