0 0.11328125 0.81796875 0.1109375 0.14140625
1 0.2890625 0.42890625 0.046875 0.19140625
0 0.33984375 0.35703125 0.0609375 0.0359375
1 0.1140625 0.53203125 0.05625 0.203125
0 0.40859375 0.41953125 0.0796875 0.04453125
0 0.378125 0.6125 0.115625 0.09140625
1 0.5546875 0.38046875 0.034375 0.2109375
1 0.5125 0.40390625 0.053125 0.225
1 0.41953125 0.31953125 0.0328125 0.06640625
0 0.215625 0.6125 0.1 0.09140625
0 0.45390625 0.353125 0.0609375 0.028125
0 0.2484375 0.42109375 0.075 0.04140625
1 0.20234375 0.575 0.0578125 0.2109375
0 0.33359375 0.909375 0.1609375 0.18046875
0 0.1046875 0.56796875 0.065625 0.0640625
1 0.74609375 0.7515625 0.0671875 0.2859375
1 0.45703125 0.34609375 0.0390625 0.14140625
1 0.1390625 0.7484375 0.109375 0.3359375
1 0.0265625 0.70703125 0.05 0.303125
1 0.08046875 0.60546875 0.0515625 0.15
