1 0.7375 0.6265625 0.065625 0.30859375
0 0.33203125 0.909375 0.1609375 0.18046875
0 0.1078125 0.81640625 0.109375 0.1390625
0 0.22734375 0.640625 0.1046875 0.09140625
0 0.10078125 0.56796875 0.0765625 0.06953125
0 0.4109375 0.421875 0.078125 0.05
0 0.44609375 0.3484375 0.0609375 0.0359375
0 0.33671875 0.35 0.0578125 0.03359375
1 0.3265625 0.71796875 0.090625 0.225
1 0.2515625 0.6140625 0.078125 0.228125
1 0.12109375 0.5609375 0.0453125 0.2109375
1 0.2734375 0.4125 0.040625 0.153125
1 0.4125 0.41953125 0.05625 0.1609375
1 0.36328125 0.44140625 0.0515625 0.178125
1 0.45390625 0.3484375 0.0328125 0.153125
0 0.24765625 0.4234375 0.0671875 0.04140625
0 0.39375 0.60390625 0.1125 0.09140625
