1 0.334375 0.3515625 0.0375 0.1359375
0 0.33203125 0.909375 0.1609375 0.18046875
1 0.13046875 0.775 0.0984375 0.28359375
1 0.3453125 0.7625 0.096875 0.153125
1 0.2875 0.428125 0.05625 0.1890625
1 0.35625 0.38203125 0.046875 0.1640625
0 0.2203125 0.6109375 0.1 0.0890625
0 0.10859375 0.8265625 0.1109375 0.1359375
0 0.37578125 0.60859375 0.1140625 0.0890625
0 0.45078125 0.35390625 0.0671875 0.03046875
0 0.1015625 0.5640625 0.078125 0.06640625
0 0.4109375 0.42109375 0.078125 0.046875
0 0.24609375 0.41953125 0.0671875 0.0390625
1 0.55078125 0.325 0.0234375 0.10546875
