1 0.840625 0.64453125 0.084375 0.26640625
1 0.83671875 0.503125 0.0609375 0.21640625
1 0.76796875 0.43046875 0.0765625 0.18359375
1 0.74765625 0.39453125 0.0453125 0.18359375
1 0.63046875 0.534375 0.0859375 0.23046875
1 0.771875 0.9359375 0.125 0.128125
0 0.74453125 0.396875 0.0515625 0.03359375
0 0.67578125 0.4859375 0.0765625 0.06640625
0 0.84921875 0.525 0.0890625 0.06640625
0 0.53515625 0.63359375 0.1359375 0.10546875
0 0.8109375 0.6875 0.128125 0.1140625
1 0.89453125 0.36953125 0.0296875 0.13359375
0 0.4984375 0.4109375 0.08125 0.05546875
0 0.584375 0.34609375 0.075 0.0359375
0 0.30703125 0.9015625 0.1828125 0.196875
1 0.29453125 0.5484375 0.0765625 0.25859375
1 0.3765625 0.5625 0.078125 0.203125
1 0.41484375 0.5109375 0.0671875 0.19453125
1 0.36640625 0.4890625 0.0640625 0.178125
1 0.45390625 0.446875 0.0671875 0.20546875
1 0.640625 0.33359375 0.04375 0.2109375
1 0.70234375 0.425 0.0515625 0.19453125
0 0.8765625 0.43203125 0.053125 0.04140625
0 0.8921875 0.38203125 0.046875 0.03046875
0 0.134375 0.6625 0.125 0.125
0 0.3515625 0.5109375 0.10625 0.08359375
