1 0.825 0.6890625 0.084375 0.34453125
0 0.83671875 0.546875 0.0953125 0.06640625
0 0.8109375 0.7234375 0.134375 0.13046875
0 0.4859375 0.4125 0.1 0.053125
0 0.3484375 0.50859375 0.11875 0.078125
0 0.10625 0.690625 0.11875 0.13046875
0 0.33984375 0.853125 0.1734375 0.1890625
0 0.59375 0.3515625 0.06875 0.03046875
0 0.646875 0.465625 0.09375 0.05859375
0 0.85625 0.440625 0.06875 0.046875
1 0.6171875 0.35859375 0.053125 0.16640625
0 0.7125 0.3875 0.071875 0.0359375
0 0.90234375 0.4 0.0515625 0.0390625
1 0.5125 0.421875 0.05625 0.19453125
1 0.39453125 0.503125 0.0640625 0.23359375
1 0.05625 0.74296875 0.10625 0.29140625
0 0.54921875 0.590625 0.1234375 0.096875
