1 0.54765625 0.409375 0.0265625 0.253125
1 0.1421875 0.74296875 0.0875 0.3140625
0 0.09609375 0.83359375 0.1078125 0.14453125
0 0.09375 0.571875 0.05625 0.05546875
0 0.434375 0.35390625 0.0625 0.0359375
0 0.19296875 0.6140625 0.0953125 0.08359375
0 0.38046875 0.63359375 0.1171875 0.1
0 0.2171875 0.440625 0.065625 0.04140625
1 0.07109375 0.6359375 0.0609375 0.221875
0 0.3203125 0.9125 0.165625 0.175
1 0.42265625 0.43203125 0.0421875 0.175
1 0.42890625 0.31953125 0.0484375 0.05546875
1 0.26953125 0.4359375 0.0828125 0.2
1 0.5234375 0.4375 0.053125 0.303125
0 0.41640625 0.42890625 0.0796875 0.04140625
0 0.32578125 0.35546875 0.0578125 0.028125
