1 0.0125 0.94453125 0.025 0.1109375
1 0.859375 0.44140625 0.05 0.13359375
1 0.88671875 0.3015625 0.0296875 0.1140625
0 0.34765625 0.50703125 0.1171875 0.08046875
0 0.66953125 0.4734375 0.0921875 0.05859375
0 0.73359375 0.39609375 0.0703125 0.04140625
1 0.8734375 0.3859375 0.04375 0.08359375
1 0.67109375 0.4625 0.0765625 0.225
1 0.1359375 0.74296875 0.128125 0.2859375
1 0.05546875 0.71953125 0.0765625 0.278125
1 0.17265625 0.553125 0.0796875 0.1390625
1 0.20234375 0.678125 0.0921875 0.25546875
1 0.0671875 0.94296875 0.09375 0.1140625
0 0.4921875 0.40703125 0.096875 0.053125
0 0.56640625 0.59453125 0.1265625 0.09453125
0 0.8109375 0.69453125 0.128125 0.121875
0 0.8484375 0.5234375 0.090625 0.06953125
0 0.5828125 0.34609375 0.065625 0.0359375
0 0.1484375 0.65703125 0.08125 0.10859375
1 0.61953125 0.36640625 0.0484375 0.15
0 0.30546875 0.9015625 0.1796875 0.196875
1 0.15703125 0.646875 0.0359375 0.04453125
