1 0.778125 0.81640625 0.103125 0.3
0 0.58359375 0.3515625 0.0609375 0.03046875
0 0.08671875 0.696875 0.1234375 0.13359375
0 0.3515625 0.509375 0.10625 0.08046875
0 0.4859375 0.4140625 0.096875 0.05546875
0 0.79296875 0.75703125 0.1421875 0.153125
0 0.29453125 0.89609375 0.1796875 0.196875
0 0.8890625 0.38046875 0.05 0.0390625
0 0.71953125 0.390625 0.0703125 0.04140625
0 0.5171875 0.628125 0.134375 0.1109375
1 0.38046875 0.51953125 0.0734375 0.26640625
1 0.29140625 0.55546875 0.0796875 0.2609375
1 0.04140625 0.925 0.0828125 0.15
0 0.86640625 0.42890625 0.0640625 0.04140625
0 0.8484375 0.5265625 0.0875 0.0640625
0 0.65 0.4765625 0.09375 0.05859375
