0 0.10703125 0.68359375 0.1234375 0.128125
0 0.728125 0.39296875 0.06875 0.04140625
0 0.325 0.528125 0.109375 0.0890625
0 0.58046875 0.35390625 0.0734375 0.04140625
0 0.490625 0.40859375 0.1 0.06640625
0 0.515625 0.64140625 0.1375 0.11640625
1 0.60546875 0.3109375 0.0328125 0.19453125
1 0.515625 0.428125 0.05625 0.178125
1 0.26328125 0.578125 0.0734375 0.26640625
0 0.2421875 0.921875 0.178125 0.15546875
1 0.0390625 0.91953125 0.078125 0.1609375
0 0.86796875 0.546875 0.0921875 0.071875
0 0.87578125 0.434375 0.0703125 0.046875
0 0.890625 0.38359375 0.053125 0.0390625
0 0.7984375 0.77109375 0.146875 0.146875
0 0.67109375 0.4765625 0.0921875 0.0640625
