0 0.721875 0.390625 0.071875 0.04140625
0 0.89140625 0.37890625 0.0515625 0.0359375
0 0.65 0.478125 0.09375 0.0609375
0 0.7953125 0.7515625 0.14375 0.153125
0 0.8484375 0.528125 0.090625 0.071875
0 0.86796875 0.43046875 0.0640625 0.04453125
0 0.2953125 0.8984375 0.175 0.203125
1 0.78046875 0.80859375 0.1109375 0.271875
1 0.7375 0.390625 0.0375 0.18046875
1 0.60234375 0.3640625 0.0453125 0.1609375
0 0.0875 0.69609375 0.11875 0.125
0 0.3453125 0.50546875 0.121875 0.08359375
0 0.51953125 0.63046875 0.1390625 0.11640625
0 0.48515625 0.41640625 0.0984375 0.05546875
0 0.58203125 0.35859375 0.0640625 0.03359375
