0 0.4859375 0.4125 0.1 0.05859375
1 0.615625 0.35859375 0.053125 0.171875
1 0.51015625 0.40859375 0.0609375 0.19453125
1 0.39296875 0.5140625 0.0671875 0.2609375
0 0.340625 0.853125 0.175 0.1890625
0 0.55 0.5890625 0.125 0.09453125
0 0.64765625 0.4640625 0.0953125 0.05546875
0 0.71328125 0.39140625 0.0703125 0.04453125
0 0.85625 0.44296875 0.06875 0.046875
0 0.903125 0.3984375 0.046875 0.0359375
1 0.0515625 0.740625 0.1 0.296875
0 0.5953125 0.3515625 0.06875 0.0359375
0 0.346875 0.50546875 0.11875 0.078125
0 0.10625 0.6890625 0.11875 0.128125
0 0.81171875 0.72109375 0.1328125 0.13046875
0 0.8375 0.5484375 0.096875 0.06953125
1 0.825 0.6890625 0.08125 0.34453125
