0 0.3609375 0.50859375 0.08125 0.078125
0 0.08671875 0.7 0.1203125 0.128125
0 0.84921875 0.5265625 0.0890625 0.0640625
1 0.740625 0.384375 0.040625 0.16953125
1 0.6078125 0.35859375 0.040625 0.15
1 0.4 0.48203125 0.04375 0.28046875
1 0.4203125 0.54453125 0.06875 0.3609375
1 0.31171875 0.54140625 0.0796875 0.421875
0 0.86796875 0.43046875 0.0640625 0.0390625
0 0.88984375 0.38203125 0.0515625 0.0359375
0 0.51640625 0.62890625 0.1328125 0.10859375
0 0.4859375 0.4140625 0.096875 0.05546875
0 0.79609375 0.75 0.1421875 0.1390625
0 0.58359375 0.3515625 0.0640625 0.0359375
0 0.71875 0.390625 0.075 0.04140625
0 0.2953125 0.89453125 0.178125 0.2
0 0.653125 0.478125 0.096875 0.0609375
1 0.859375 0.5109375 0.065625 0.1890625
