1 0.89375 0.37109375 0.03125 0.125
1 0.8359375 0.4984375 0.05625 0.203125
1 0.7671875 0.43203125 0.078125 0.1859375
1 0.75078125 0.390625 0.0453125 0.16953125
1 0.7046875 0.425 0.046875 0.1890625
1 0.45625 0.45 0.05625 0.20546875
1 0.37578125 0.56796875 0.0734375 0.21953125
1 0.41640625 0.4984375 0.0515625 0.16953125
1 0.36953125 0.4515625 0.0703125 0.125
1 0.2953125 0.5515625 0.078125 0.2640625
0 0.496875 0.40859375 0.084375 0.05
0 0.58671875 0.35 0.0671875 0.0390625
0 0.534375 0.63359375 0.1375 0.10546875
0 0.81171875 0.6890625 0.1265625 0.11640625
0 0.675 0.4859375 0.075 0.0609375
0 0.740625 0.396875 0.05625 0.03359375
0 0.890625 0.37890625 0.046875 0.025
0 0.878125 0.434375 0.053125 0.046875
0 0.30625 0.9015625 0.18125 0.196875
0 0.7015625 0.99140625 0.08125 0.01640625
0 0.85078125 0.52109375 0.0859375 0.0640625
1 0.8390625 0.6515625 0.0875 0.275
1 0.778125 0.9234375 0.121875 0.153125
1 0.6328125 0.53203125 0.084375 0.225
0 0.13203125 0.6640625 0.1265625 0.128125
0 0.34765625 0.5109375 0.1078125 0.071875
