1 0.43359375 0.70390625 0.1328125 0.296875
0 0.24140625 0.9203125 0.1796875 0.159375
1 0.80546875 0.73359375 0.1078125 0.29453125
1 0.88203125 0.4265625 0.0453125 0.1640625
1 0.52578125 0.4109375 0.0484375 0.19453125
1 0.265625 0.578125 0.078125 0.2609375
0 0.79765625 0.771875 0.1453125 0.15
0 0.8671875 0.54609375 0.090625 0.06953125
0 0.87734375 0.43203125 0.0671875 0.046875
0 0.728125 0.39140625 0.071875 0.0390625
0 0.58046875 0.3515625 0.0703125 0.03046875
0 0.48984375 0.40859375 0.0984375 0.05546875
0 0.3234375 0.52890625 0.1125 0.09140625
0 0.10859375 0.68359375 0.1234375 0.128125
1 0.0390625 0.9234375 0.078125 0.153125
0 0.67109375 0.475 0.0921875 0.0609375
0 0.51640625 0.640625 0.1359375 0.1140625
