0 0.59375 0.35 0.06875 0.03359375
0 0.9046875 0.4015625 0.05 0.0359375
0 0.83671875 0.5484375 0.0953125 0.06953125
0 0.81015625 0.71953125 0.1328125 0.128125
0 0.4859375 0.4125 0.1 0.05859375
0 0.34765625 0.50859375 0.1171875 0.078125
0 0.1046875 0.6875 0.121875 0.13046875
0 0.71484375 0.39296875 0.0734375 0.046875
0 0.64609375 0.46640625 0.0953125 0.06640625
0 0.54921875 0.590625 0.1234375 0.096875
0 0.340625 0.853125 0.175 0.1890625
1 0.61640625 0.359375 0.0515625 0.146875
1 0.51875 0.4109375 0.05625 0.21640625
1 0.38828125 0.50546875 0.0578125 0.23359375
0 0.85703125 0.4640625 0.0703125 0.09453125
1 0.82578125 0.69296875 0.0828125 0.34140625
1 0.053125 0.7390625 0.10625 0.29453125
