1 0.0828125 0.925 0.096875 0.15
1 0.0171875 0.92890625 0.034375 0.14140625
1 0.17421875 0.603125 0.0828125 0.221875
1 0.29375 0.55390625 0.06875 0.28046875
1 0.3890625 0.56796875 0.065625 0.21953125
1 0.43203125 0.4765625 0.0421875 0.146875
1 0.38828125 0.44296875 0.0609375 0.1359375
1 0.840625 0.65859375 0.071875 0.26640625
1 0.8390625 0.453125 0.05625 0.1109375
1 0.46640625 0.4390625 0.0515625 0.171875
0 0.740625 0.396875 0.05 0.028125
1 0.746875 0.3515625 0.04375 0.096875
0 0.30625 0.9015625 0.18125 0.196875
0 0.8484375 0.5234375 0.090625 0.0640625
0 0.8140625 0.6890625 0.13125 0.121875
1 0.05625 0.74453125 0.10625 0.34453125
1 0.79296875 0.8953125 0.1078125 0.209375
0 0.878125 0.4359375 0.053125 0.04453125
0 0.89296875 0.38203125 0.0484375 0.025
1 0.70234375 0.3984375 0.0515625 0.153125
0 0.66953125 0.475 0.0953125 0.05546875
0 0.3546875 0.50546875 0.103125 0.078125
1 0.76796875 0.43203125 0.0796875 0.18046875
0 0.50234375 0.40859375 0.0765625 0.05546875
0 0.5859375 0.346875 0.065625 0.03359375
0 0.565625 0.59453125 0.128125 0.09453125
0 0.1296875 0.6625 0.115625 0.11953125
1 0.19375 0.7109375 0.075 0.30546875
