1 0.60390625 0.35546875 0.0515625 0.1609375
1 0.5234375 0.66640625 0.1 0.328125
1 0.7515625 0.89140625 0.128125 0.21640625
1 0.91328125 0.359375 0.0328125 0.08046875
0 0.83671875 0.546875 0.0953125 0.071875
0 0.81171875 0.71953125 0.1328125 0.128125
0 0.340625 0.85546875 0.175 0.1890625
1 0.05390625 0.74609375 0.1015625 0.2859375
1 0.515625 0.40703125 0.059375 0.1859375
0 0.490625 0.415625 0.10625 0.053125
0 0.34765625 0.50859375 0.1171875 0.078125
0 0.71640625 0.3890625 0.0734375 0.0390625
0 0.85703125 0.44296875 0.0703125 0.046875
0 0.9015625 0.3984375 0.053125 0.04140625
0 0.64921875 0.46640625 0.0921875 0.0609375
0 0.5671875 0.584375 0.0875 0.0859375
1 0.584375 0.5765625 0.06875 0.253125
0 0.58359375 0.353125 0.0734375 0.0390625
0 0.1046875 0.6890625 0.11875 0.128125
