0 0.1921875 0.6140625 0.096875 0.08359375
0 0.21640625 0.4390625 0.0671875 0.04453125
0 0.32578125 0.35546875 0.0578125 0.03359375
0 0.43515625 0.3515625 0.0640625 0.0359375
0 0.41796875 0.4265625 0.0828125 0.053125
0 0.38125 0.634375 0.11875 0.103125
0 0.3203125 0.9140625 0.165625 0.171875
1 0.56015625 0.4265625 0.0203125 0.19140625
0 0.09375 0.578125 0.053125 0.06640625
1 0.07578125 0.64140625 0.0671875 0.2390625
1 0.5390625 0.4265625 0.04375 0.30859375
1 0.4234375 0.43359375 0.05 0.178125
1 0.27265625 0.43046875 0.0609375 0.2
1 0.14921875 0.784375 0.0921875 0.375
0 0.1 0.825 0.10625 0.1390625
