1 0.525 0.40703125 0.05 0.196875
0 0.67109375 0.478125 0.0921875 0.0609375
0 0.325 0.52890625 0.109375 0.09140625
0 0.57890625 0.3515625 0.0703125 0.0359375
0 0.72890625 0.39140625 0.0734375 0.0390625
0 0.1078125 0.68359375 0.125 0.128125
1 0.4359375 0.70546875 0.128125 0.2890625
1 0.81875 0.634375 0.08125 0.16953125
0 0.51640625 0.64140625 0.1359375 0.1109375
1 0.03828125 0.9234375 0.0765625 0.153125
1 0.87734375 0.43046875 0.0484375 0.171875
0 0.24140625 0.921875 0.1796875 0.15546875
0 0.8765625 0.43203125 0.065625 0.04140625
0 0.490625 0.4109375 0.1 0.05546875
1 0.26328125 0.58203125 0.0734375 0.25859375
0 0.79765625 0.771875 0.1453125 0.15546875
0 0.8671875 0.54609375 0.09375 0.075
