0 0.8140625 0.690625 0.128125 0.11953125
0 0.128125 0.6609375 0.1125 0.11640625
0 0.353125 0.50703125 0.10625 0.08046875
0 0.49921875 0.409375 0.0796875 0.053125
0 0.56796875 0.59453125 0.1265625 0.09453125
0 0.58046875 0.35 0.0796875 0.03359375
0 0.878125 0.43359375 0.053125 0.04453125
0 0.8484375 0.521875 0.090625 0.06640625
1 0.39921875 0.55859375 0.0984375 0.221875
1 0.36796875 0.51640625 0.0796875 0.228125
0 0.30625 0.9015625 0.18125 0.196875
0 0.6703125 0.471875 0.09375 0.05546875
1 0.29765625 0.5640625 0.0796875 0.271875
0 0.73125 0.396875 0.071875 0.0390625
1 0.175 0.55546875 0.084375 0.13359375
1 0.19765625 0.703125 0.0921875 0.26640625
1 0.0578125 0.7359375 0.109375 0.35546875
1 0.08046875 0.91953125 0.0953125 0.1609375
1 0.84140625 0.67109375 0.0703125 0.29140625
1 0.83828125 0.45546875 0.0578125 0.10546875
1 0.4359375 0.521875 0.05625 0.178125
0 0.88984375 0.38203125 0.0515625 0.01953125
1 0.4609375 0.45 0.05625 0.2
