0 0.890625 0.378125 0.046875 0.028125
0 0.84921875 0.52890625 0.0921875 0.06953125
0 0.7953125 0.753125 0.14375 0.14453125
0 0.86640625 0.42890625 0.0609375 0.046875
0 0.4859375 0.41640625 0.096875 0.05546875
0 0.29609375 0.8953125 0.1796875 0.209375
1 0.60234375 0.36640625 0.0453125 0.1609375
1 0.7390625 0.3890625 0.040625 0.1890625
1 0.77890625 0.81640625 0.1046875 0.28359375
0 0.0875 0.696875 0.121875 0.128125
0 0.3453125 0.509375 0.11875 0.08046875
0 0.5828125 0.35859375 0.059375 0.0390625
0 0.721875 0.390625 0.071875 0.0359375
0 0.65 0.48046875 0.09375 0.0609375
0 0.5171875 0.628125 0.1375 0.10546875
