0 0.44140625 0.353125 0.0359375 0.03359375
0 0.09453125 0.578125 0.0515625 0.0609375
1 0.4234375 0.44140625 0.040625 0.2109375
1 0.26796875 0.43046875 0.0671875 0.2
1 0.15 0.784375 0.09375 0.36953125
1 0.075 0.63359375 0.065625 0.21640625
1 0.5609375 0.33046875 0.021875 0.1
0 0.38125 0.634375 0.11875 0.103125
1 0.5421875 0.4390625 0.05 0.2890625
0 0.32734375 0.35859375 0.0578125 0.0390625
0 0.41171875 0.42890625 0.0703125 0.053125
0 0.31953125 0.9140625 0.1640625 0.171875
1 0.46875 0.46953125 0.05625 0.3
1 0.5828125 0.34609375 0.034375 0.11953125
0 0.09921875 0.82890625 0.1078125 0.1359375
0 0.19375 0.6140625 0.096875 0.0890625
0 0.21875 0.4390625 0.06875 0.05
