1 0.421875 0.54609375 0.065625 0.353125
0 0.08671875 0.696875 0.1203125 0.128125
0 0.653125 0.4765625 0.096875 0.05859375
1 0.31328125 0.540625 0.0796875 0.425
1 0.4078125 0.48203125 0.046875 0.2859375
1 0.603125 0.34609375 0.05 0.1359375
1 0.73984375 0.3859375 0.0390625 0.178125
1 0.859375 0.50859375 0.065625 0.2
1 0.77890625 0.815625 0.1078125 0.28046875
0 0.79453125 0.7515625 0.1421875 0.1359375
0 0.890625 0.38046875 0.05 0.03359375
0 0.86875 0.42890625 0.065625 0.04140625
0 0.84921875 0.528125 0.0890625 0.06640625
0 0.721875 0.390625 0.071875 0.04140625
0 0.5828125 0.35 0.06875 0.03359375
0 0.4859375 0.415625 0.096875 0.053125
0 0.36171875 0.50859375 0.0828125 0.078125
0 0.2953125 0.89609375 0.178125 0.196875
0 0.51875 0.62890625 0.134375 0.10859375
