0 0.31953125 0.9125 0.1640625 0.175
1 0.14140625 0.7390625 0.0828125 0.328125
0 0.41796875 0.4265625 0.0828125 0.04140625
1 0.54375 0.340625 0.05 0.08046875
1 0.4265625 0.334375 0.040625 0.1140625
1 0.42109375 0.4359375 0.0421875 0.171875
1 0.53984375 0.421875 0.0359375 0.28359375
1 0.0359375 0.40703125 0.015625 0.0859375
0 0.38046875 0.63359375 0.1203125 0.1
0 0.0953125 0.83359375 0.109375 0.1390625
0 0.09765625 0.571875 0.0453125 0.05546875
0 0.19296875 0.6125 0.0984375 0.0859375
0 0.21640625 0.44609375 0.0640625 0.04140625
0 0.3296875 0.35390625 0.053125 0.04140625
0 0.4359375 0.3515625 0.065625 0.03046875
1 0.07265625 0.6390625 0.0578125 0.21640625
1 0.27265625 0.440625 0.0765625 0.19140625
