0 0.84921875 0.5265625 0.0890625 0.06953125
1 0.60234375 0.3625 0.0421875 0.18046875
0 0.86875 0.428125 0.0625 0.0390625
0 0.88984375 0.378125 0.0484375 0.028125
0 0.29453125 0.896875 0.1796875 0.20546875
1 0.73984375 0.39140625 0.0390625 0.1890625
1 0.7796875 0.81953125 0.109375 0.28359375
0 0.08671875 0.69453125 0.1203125 0.128125
0 0.34453125 0.50703125 0.1171875 0.075
0 0.48515625 0.415625 0.0984375 0.053125
0 0.578125 0.359375 0.06875 0.0359375
0 0.72109375 0.390625 0.0703125 0.0359375
0 0.65 0.478125 0.096875 0.0609375
0 0.5171875 0.628125 0.134375 0.1109375
0 0.79296875 0.75 0.1390625 0.1390625
