0 0.71875 0.39296875 0.06875 0.04140625
0 0.08828125 0.696875 0.1203125 0.13359375
0 0.5859375 0.3484375 0.05625 0.0359375
0 0.48359375 0.415625 0.0984375 0.0640625
0 0.65 0.478125 0.09375 0.0609375
0 0.88984375 0.3875 0.0484375 0.046875
1 0.29921875 0.5359375 0.0796875 0.2
1 0.3859375 0.5140625 0.0625 0.2609375
1 0.02578125 0.96640625 0.0515625 0.06640625
0 0.51640625 0.63046875 0.1359375 0.1109375
0 0.86875 0.42890625 0.06875 0.04140625
0 0.3546875 0.5125 0.1 0.075
0 0.79375 0.75546875 0.140625 0.14453125
0 0.85 0.5265625 0.090625 0.06953125
0 0.29609375 0.89609375 0.1765625 0.196875
1 0.77578125 0.81953125 0.1078125 0.28359375
