1 0.275 0.4359375 0.071875 0.20546875
1 0.14765625 0.7875 0.0859375 0.375
1 0.4265625 0.3390625 0.04375 0.1390625
1 0.42265625 0.4234375 0.0421875 0.175
0 0.09609375 0.8359375 0.1078125 0.14453125
0 0.09453125 0.578125 0.0515625 0.0609375
0 0.19375 0.615625 0.096875 0.0859375
0 0.31953125 0.9140625 0.1640625 0.171875
0 0.328125 0.35546875 0.05625 0.03359375
0 0.21640625 0.44609375 0.0640625 0.04140625
0 0.4171875 0.4265625 0.08125 0.046875
0 0.38125 0.634375 0.11875 0.096875
0 0.4484375 0.35546875 0.040625 0.03359375
1 0.6265625 0.8609375 0.146875 0.278125
1 0.0765625 0.6375 0.071875 0.21953125
