0 0.5859375 0.35546875 0.059375 0.028125
0 0.3453125 0.5109375 0.11875 0.08359375
0 0.08515625 0.696875 0.1203125 0.13359375
1 0.60078125 0.36640625 0.0484375 0.16640625
0 0.29453125 0.896875 0.1796875 0.20546875
1 0.7375 0.39140625 0.04375 0.18359375
1 0.78046875 0.825 0.1109375 0.29453125
0 0.7953125 0.7484375 0.14375 0.14140625
0 0.8484375 0.53046875 0.09375 0.071875
0 0.8671875 0.42890625 0.0625 0.046875
0 0.88828125 0.3765625 0.0484375 0.0359375
0 0.51875 0.63046875 0.1375 0.1109375
0 0.64921875 0.4765625 0.0921875 0.0640625
0 0.721875 0.390625 0.071875 0.0359375
0 0.4859375 0.41640625 0.096875 0.0609375
