0 0.49765625 0.4109375 0.0828125 0.05546875
0 0.87734375 0.43359375 0.0578125 0.04453125
1 0.3734375 0.4390625 0.0625 0.08359375
0 0.8484375 0.5234375 0.0875 0.05859375
1 0.45 0.4484375 0.06875 0.196875
0 0.1328125 0.6640625 0.125 0.128125
0 0.81328125 0.6875 0.1296875 0.125
0 0.67578125 0.4890625 0.0734375 0.06640625
0 0.5359375 0.63203125 0.1375 0.10859375
0 0.30703125 0.9015625 0.1796875 0.196875
1 0.8953125 0.371875 0.028125 0.128125
1 0.82890625 0.3375 0.0296875 0.175
1 0.746875 0.39609375 0.046875 0.18046875
1 0.76796875 0.43359375 0.0796875 0.18359375
1 0.65234375 0.40546875 0.0515625 0.26640625
1 0.7015625 0.4234375 0.05 0.19140625
1 0.6328125 0.5390625 0.084375 0.228125
1 0.840625 0.65 0.084375 0.278125
1 0.76875 0.9375 0.128125 0.125
1 0.2953125 0.5515625 0.078125 0.25859375
1 0.378125 0.575 0.08125 0.221875
1 0.4140625 0.490625 0.0625 0.1359375
0 0.73984375 0.3984375 0.0546875 0.03046875
0 0.35234375 0.51640625 0.1046875 0.06640625
0 0.89375 0.37890625 0.05 0.025
0 0.5875 0.3515625 0.065625 0.03046875
