0 0.7953125 0.7515625 0.140625 0.1359375
1 0.025 0.96484375 0.05 0.0703125
0 0.578125 0.353125 0.071875 0.0390625
0 0.48515625 0.415625 0.0984375 0.05859375
1 0.29453125 0.55 0.0765625 0.2609375
0 0.35 0.5125 0.109375 0.075
1 0.3890625 0.4984375 0.05625 0.2359375
1 0.846875 0.434375 0.046875 0.1359375
0 0.84921875 0.528125 0.0890625 0.06640625
0 0.5171875 0.62890625 0.134375 0.10859375
0 0.29609375 0.896875 0.1765625 0.2
0 0.0859375 0.6984375 0.121875 0.125
1 0.78203125 0.8109375 0.1078125 0.28359375
1 0.86015625 0.38046875 0.0421875 0.0890625
0 0.896875 0.3859375 0.0375 0.03359375
0 0.71796875 0.39140625 0.0734375 0.0390625
0 0.64921875 0.478125 0.0953125 0.0609375
