0 0.5984375 0.3515625 0.075 0.03046875
0 0.8375 0.546875 0.09375 0.071875
1 0.390625 0.490625 0.059375 0.20859375
0 0.85703125 0.44140625 0.0703125 0.04453125
0 0.81171875 0.71953125 0.1328125 0.13359375
0 0.1046875 0.6890625 0.11875 0.13359375
1 0.5125 0.40390625 0.0625 0.20859375
1 0.61640625 0.35546875 0.0515625 0.16640625
0 0.90390625 0.4 0.0484375 0.0390625
1 0.8265625 0.69140625 0.08125 0.3390625
1 0.61640625 0.27109375 0.0328125 0.10859375
1 0.05703125 0.7375 0.1109375 0.296875
0 0.346875 0.50546875 0.11875 0.078125
0 0.48515625 0.4125 0.0984375 0.053125
0 0.64921875 0.465625 0.0953125 0.05859375
0 0.7140625 0.39140625 0.071875 0.0390625
0 0.54921875 0.5890625 0.1234375 0.1
0 0.33984375 0.85390625 0.1765625 0.19140625
