0 0.89296875 0.384375 0.0484375 0.01953125
1 0.8390625 0.678125 0.071875 0.28359375
0 0.878125 0.434375 0.046875 0.0359375
0 0.84765625 0.5234375 0.0890625 0.0640625
0 0.81328125 0.6890625 0.1265625 0.11640625
0 0.56640625 0.59609375 0.1265625 0.096875
0 0.6703125 0.471875 0.09375 0.05546875
0 0.7375 0.396875 0.065625 0.04453125
0 0.578125 0.3484375 0.08125 0.03046875
0 0.13125 0.6609375 0.121875 0.11640625
1 0.08359375 0.925 0.0953125 0.15
0 0.30703125 0.90234375 0.1828125 0.1953125
1 0.7921875 0.9 0.115625 0.2
1 0.0171875 0.93984375 0.034375 0.1203125
0 0.50234375 0.40703125 0.0765625 0.053125
0 0.35234375 0.50859375 0.1078125 0.078125
1 0.05625 0.7359375 0.109375 0.35
1 0.19375 0.71640625 0.084375 0.29453125
1 0.1703125 0.553125 0.075 0.13359375
1 0.2953125 0.55859375 0.06875 0.28359375
1 0.38515625 0.565625 0.0640625 0.21953125
1 0.42578125 0.475 0.0421875 0.128125
1 0.38359375 0.4359375 0.0671875 0.11640625
1 0.46171875 0.45859375 0.0453125 0.2
1 0.7015625 0.41640625 0.05 0.18359375
1 0.74296875 0.390625 0.0515625 0.18046875
1 0.7671875 0.43046875 0.08125 0.1890625
1 0.8390625 0.45390625 0.05625 0.10859375
