1 0.07421875 0.6484375 0.0671875 0.225
1 0.42109375 0.4265625 0.0453125 0.1859375
0 0.31953125 0.9125 0.1609375 0.175
1 0.15 0.78046875 0.084375 0.371875
0 0.38046875 0.63359375 0.1203125 0.1
0 0.4171875 0.428125 0.08125 0.04453125
0 0.434375 0.35546875 0.065625 0.028125
0 0.32890625 0.35390625 0.0578125 0.0359375
0 0.21875 0.44453125 0.065625 0.0390625
0 0.1921875 0.6140625 0.096875 0.08359375
0 0.096875 0.571875 0.046875 0.05546875
0 0.09609375 0.8359375 0.1078125 0.1390625
1 0.2765625 0.440625 0.071875 0.196875
1 0.6125 0.809375 0.1375 0.38046875
1 0.42421875 0.315625 0.0515625 0.09140625
