1 0.575 0.58046875 0.08125 0.328125
0 0.9046875 0.4015625 0.05 0.0359375
0 0.48671875 0.4140625 0.0984375 0.05546875
0 0.56640625 0.5890625 0.0890625 0.09453125
0 0.8109375 0.71953125 0.134375 0.128125
0 0.83671875 0.546875 0.0953125 0.071875
0 0.33984375 0.85390625 0.1734375 0.19140625
1 0.48203125 0.515625 0.0578125 0.30859375
1 0.053125 0.74453125 0.103125 0.2890625
0 0.5875 0.353125 0.078125 0.0390625
0 0.71328125 0.39140625 0.0609375 0.0390625
1 0.5265625 0.4140625 0.05 0.21640625
0 0.346875 0.50859375 0.11875 0.078125
0 0.10390625 0.690625 0.1203125 0.13046875
1 0.52109375 0.66640625 0.1015625 0.33359375
1 0.59375 0.5734375 0.05625 0.2640625
0 0.66015625 0.465625 0.0703125 0.05859375
0 0.85703125 0.44296875 0.0703125 0.046875
1 0.7484375 0.909375 0.128125 0.18046875
1 0.61015625 0.35859375 0.0484375 0.16640625
