1 0.771875 0.81796875 0.10625 0.303125
0 0.7203125 0.39296875 0.06875 0.04140625
0 0.8890625 0.37890625 0.05 0.0359375
0 0.86875 0.428125 0.06875 0.04453125
0 0.85 0.525 0.090625 0.06640625
0 0.5171875 0.63203125 0.134375 0.1140625
0 0.2953125 0.89453125 0.178125 0.2
0 0.08671875 0.696875 0.1203125 0.128125
1 0.028125 0.9609375 0.05625 0.078125
1 0.296875 0.53203125 0.096875 0.21953125
1 0.38203125 0.515625 0.0703125 0.25859375
0 0.34765625 0.50859375 0.1140625 0.08359375
0 0.64921875 0.478125 0.0953125 0.0609375
0 0.5796875 0.3515625 0.06875 0.03046875
0 0.4859375 0.415625 0.096875 0.05859375
0 0.79453125 0.753125 0.1421875 0.14453125
