0 0.3515625 0.5140625 0.10625 0.078125
0 0.7203125 0.39140625 0.06875 0.04453125
0 0.8671875 0.43046875 0.065625 0.04453125
0 0.84921875 0.528125 0.0890625 0.06640625
0 0.79296875 0.753125 0.1421875 0.1390625
0 0.89140625 0.38046875 0.0515625 0.03359375
1 0.29921875 0.53359375 0.0828125 0.2
1 0.0265625 0.96640625 0.053125 0.06640625
0 0.5171875 0.62890625 0.134375 0.1140625
0 0.578125 0.3515625 0.071875 0.03046875
0 0.48515625 0.415625 0.0984375 0.05859375
0 0.29609375 0.89609375 0.1796875 0.196875
0 0.08671875 0.6984375 0.1203125 0.13046875
1 0.3859375 0.51640625 0.05625 0.2609375
0 0.65 0.4765625 0.09375 0.0640625
1 0.775 0.82890625 0.109375 0.296875
