1 0.77421875 0.825 0.1078125 0.3
0 0.84921875 0.528125 0.0890625 0.06640625
0 0.7921875 0.75546875 0.140625 0.14453125
0 0.86640625 0.42890625 0.0609375 0.046875
0 0.484375 0.4140625 0.096875 0.05546875
1 0.02734375 0.96640625 0.0546875 0.06640625
0 0.64921875 0.47890625 0.0953125 0.0640625
0 0.3546875 0.5109375 0.1 0.071875
0 0.5171875 0.63046875 0.134375 0.1109375
0 0.0859375 0.7 0.121875 0.128125
0 0.88984375 0.38046875 0.0484375 0.03359375
0 0.71875 0.390625 0.06875 0.04140625
0 0.578125 0.3515625 0.071875 0.03046875
1 0.38515625 0.5125 0.0609375 0.25859375
0 0.2953125 0.896875 0.178125 0.20546875
1 0.30078125 0.5375 0.0796875 0.2140625
