1 0.75 0.4015625 0.046875 0.146875
1 0.703125 0.41953125 0.046875 0.19453125
1 0.45390625 0.446875 0.0640625 0.2
0 0.5359375 0.63359375 0.1375 0.10546875
1 0.7671875 0.434375 0.078125 0.1859375
1 0.8359375 0.503125 0.059375 0.21640625
1 0.3765625 0.55703125 0.078125 0.21953125
1 0.41875 0.496875 0.046875 0.15546875
1 0.83984375 0.65859375 0.0828125 0.2890625
1 0.89609375 0.36796875 0.0265625 0.125
1 0.77890625 0.9265625 0.1203125 0.146875
1 0.36796875 0.47109375 0.0671875 0.1640625
0 0.34765625 0.5109375 0.1046875 0.078125
0 0.84921875 0.52109375 0.0890625 0.0640625
0 0.890625 0.37890625 0.04375 0.03046875
0 0.30625 0.90234375 0.18125 0.1953125
0 0.13359375 0.6609375 0.1234375 0.128125
0 0.8765625 0.43359375 0.053125 0.04453125
0 0.7421875 0.396875 0.05 0.03359375
0 0.5875 0.3484375 0.065625 0.0359375
1 0.6328125 0.5359375 0.084375 0.228125
0 0.81328125 0.6875 0.1296875 0.11953125
1 0.296875 0.5515625 0.075 0.2640625
0 0.5 0.409375 0.078125 0.05859375
