1 0.70234375 0.4265625 0.0609375 0.196875
1 0.83984375 0.4859375 0.0546875 0.18359375
1 0.6265625 0.515625 0.0625 0.2359375
0 0.73984375 0.39609375 0.0546875 0.0359375
0 0.6671875 0.47109375 0.06875 0.05859375
0 0.58125 0.346875 0.071875 0.03359375
1 0.08984375 0.70390625 0.1109375 0.29140625
1 0.075 0.95 0.090625 0.1
1 0.32421875 0.8265625 0.1171875 0.33046875
1 0.290625 0.55 0.071875 0.2390625
1 0.3859375 0.565625 0.075 0.196875
1 0.42578125 0.48359375 0.0390625 0.14453125
1 0.378125 0.425 0.05625 0.1
1 0.459375 0.45 0.065625 0.2
1 0.58828125 0.64609375 0.0953125 0.34140625
1 0.83828125 0.6140625 0.0921875 0.14453125
0 0.8140625 0.690625 0.13125 0.11953125
0 0.53203125 0.64609375 0.1390625 0.10859375
1 0.8703125 0.43046875 0.040625 0.128125
1 0.890625 0.41640625 0.03125 0.11640625
1 0.89296875 0.346875 0.0328125 0.06640625
1 0.74375 0.3984375 0.053125 0.1859375
0 0.85 0.5234375 0.090625 0.0640625
0 0.3109375 0.90390625 0.18125 0.19140625
0 0.5 0.4109375 0.084375 0.05546875
1 0.77265625 0.92734375 0.1203125 0.1453125
0 0.13203125 0.6625 0.1265625 0.125
0 0.35 0.50859375 0.1125 0.08359375
