1 0.73203125 0.39609375 0.0515625 0.1859375
1 0.38671875 0.515625 0.0515625 0.25859375
1 0.2921875 0.5515625 0.08125 0.253125
1 0.6 0.3609375 0.046875 0.1609375
0 0.79453125 0.75 0.1421875 0.1390625
0 0.8484375 0.525 0.090625 0.06640625
0 0.865625 0.42890625 0.0625 0.04140625
0 0.2953125 0.896875 0.178125 0.20546875
0 0.88828125 0.378125 0.0484375 0.028125
0 0.34609375 0.5125 0.1140625 0.075
0 0.48515625 0.415625 0.0984375 0.05859375
0 0.5796875 0.35546875 0.0625 0.028125
0 0.71953125 0.390625 0.0671875 0.04140625
0 0.64921875 0.4765625 0.0921875 0.05859375
0 0.51640625 0.63046875 0.1328125 0.1109375
0 0.08671875 0.69296875 0.1171875 0.125
1 0.7765625 0.81953125 0.10625 0.28359375
