1 0.4984375 0.36796875 0.040625 0.20859375
1 0.315625 0.75859375 0.0875 0.19453125
0 0.4453125 0.35 0.05625 0.03359375
1 0.1125 0.55859375 0.05 0.19453125
0 0.3359375 0.3484375 0.05625 0.0359375
0 0.3765625 0.6 0.1125 0.0890625
0 0.22109375 0.6125 0.1015625 0.09140625
0 0.0984375 0.56796875 0.078125 0.06953125
0 0.11015625 0.815625 0.1109375 0.13046875
0 0.2484375 0.42109375 0.065625 0.0359375
0 0.33203125 0.9078125 0.1609375 0.184375
1 0.0265625 0.73046875 0.05 0.23359375
0 0.4109375 0.421875 0.078125 0.05
1 0.27265625 0.415625 0.0359375 0.16953125
