0 0.74375 0.4 0.053125 0.03359375
1 0.36640625 0.4875 0.0671875 0.18046875
1 0.41328125 0.4890625 0.0671875 0.1609375
1 0.45625 0.4390625 0.059375 0.1890625
0 0.1328125 0.6640625 0.125 0.128125
0 0.353125 0.50859375 0.10625 0.08359375
0 0.4984375 0.4125 0.08125 0.05859375
0 0.58046875 0.3484375 0.0796875 0.0359375
0 0.81328125 0.6890625 0.1265625 0.11640625
0 0.5359375 0.63359375 0.1375 0.1109375
1 0.2953125 0.553125 0.08125 0.2609375
1 0.378125 0.5640625 0.078125 0.20546875
0 0.675 0.4859375 0.075 0.0609375
0 0.30625 0.90234375 0.18125 0.1953125
0 0.85 0.51953125 0.0875 0.06640625
0 0.8921875 0.37890625 0.05 0.025
1 0.8390625 0.49609375 0.05625 0.196875
1 0.8953125 0.36953125 0.028125 0.128125
1 0.84296875 0.65703125 0.0859375 0.2859375
1 0.63984375 0.328125 0.0390625 0.20546875
1 0.7015625 0.421875 0.05625 0.18359375
1 0.7453125 0.39296875 0.046875 0.175
1 0.7671875 0.43203125 0.078125 0.1859375
1 0.63203125 0.53359375 0.0859375 0.23359375
1 0.77421875 0.9359375 0.1265625 0.128125
0 0.8765625 0.43359375 0.05625 0.03359375
