1 0.45625 0.4390625 0.065625 0.178125
1 0.65859375 0.36640625 0.0453125 0.19453125
1 0.7046875 0.4125 0.046875 0.16953125
1 0.74765625 0.396875 0.0484375 0.1890625
1 0.76015625 0.43046875 0.0890625 0.18359375
1 0.83828125 0.49453125 0.0578125 0.19453125
1 0.83984375 0.653125 0.0859375 0.278125
1 0.77109375 0.9375 0.1265625 0.125
1 0.63125 0.5359375 0.0875 0.228125
0 0.89140625 0.38046875 0.0484375 0.028125
0 0.87734375 0.434375 0.0546875 0.04140625
0 0.81171875 0.6875 0.1296875 0.11953125
0 0.53515625 0.634375 0.1359375 0.103125
0 0.73984375 0.396875 0.0578125 0.0390625
0 0.58515625 0.35 0.0703125 0.03359375
0 0.4984375 0.4109375 0.08125 0.05546875
0 0.35234375 0.5109375 0.1078125 0.08359375
1 0.365625 0.4515625 0.065625 0.10859375
1 0.29765625 0.5484375 0.0734375 0.25859375
0 0.30703125 0.90234375 0.1828125 0.1953125
0 0.85 0.5234375 0.090625 0.06953125
0 0.6734375 0.5515625 0.078125 0.19140625
1 0.37578125 0.5609375 0.0828125 0.19453125
1 0.415625 0.5140625 0.0625 0.18359375
0 0.134375 0.6640625 0.125 0.128125
1 0.89375 0.36796875 0.03125 0.11953125
