1 0.678125 0.48046875 0.046875 0.23359375
0 0.8921875 0.38046875 0.05 0.03359375
0 0.8671875 0.43046875 0.065625 0.04453125
0 0.85078125 0.52890625 0.0890625 0.0640625
0 0.7953125 0.7484375 0.14375 0.1359375
0 0.08671875 0.6984375 0.1203125 0.13046875
1 0.73984375 0.3859375 0.0390625 0.171875
0 0.34453125 0.509375 0.1203125 0.08046875
1 0.60546875 0.34609375 0.0421875 0.125
0 0.484375 0.415625 0.096875 0.053125
0 0.5796875 0.353125 0.071875 0.03359375
0 0.72421875 0.39296875 0.0640625 0.04140625
0 0.6578125 0.47890625 0.096875 0.05859375
0 0.5171875 0.62890625 0.134375 0.10859375
0 0.29609375 0.89609375 0.1796875 0.196875
1 0.39609375 0.46796875 0.0609375 0.15859375
1 0.3515625 0.571875 0.078125 0.26640625
1 0.78046875 0.81640625 0.1046875 0.3
1 0.85390625 0.50703125 0.0671875 0.1859375
