1 0.6578125 0.31953125 0.021875 0.19453125
1 0.68515625 0.49609375 0.0703125 0.225
0 0.32890625 0.8375 0.1703125 0.1859375
1 0.709375 0.4515625 0.04375 0.19140625
0 0.87109375 0.409375 0.0578125 0.04140625
1 0.39453125 0.825 0.1296875 0.328125
1 0.26015625 0.86640625 0.1265625 0.26640625
0 0.7375 0.38046875 0.05625 0.03359375
0 0.64921875 0.446875 0.0546875 0.05
0 0.5609375 0.578125 0.121875 0.09453125
0 0.796875 0.6859375 0.128125 0.128125
0 0.85390625 0.4984375 0.0796875 0.05859375
0 0.584375 0.346875 0.065625 0.028125
0 0.509375 0.3984375 0.09375 0.053125
0 0.34765625 0.50703125 0.1171875 0.075
0 0.11796875 0.6734375 0.1234375 0.13046875
1 0.0890625 0.925 0.1 0.15
1 0.0328125 0.8875 0.065625 0.225
1 0.74453125 0.378125 0.0421875 0.15546875
