0 0.3359375 0.35390625 0.0625 0.04140625
0 0.375 0.60703125 0.1125 0.09140625
0 0.44765625 0.35390625 0.0609375 0.0359375
0 0.109375 0.81796875 0.109375 0.1359375
0 0.4109375 0.421875 0.075 0.04453125
1 0.025 0.73046875 0.05 0.228125
0 0.1 0.56953125 0.075 0.071875
1 0.4984375 0.35859375 0.040625 0.21640625
1 0.271875 0.4140625 0.0375 0.171875
0 0.2203125 0.6140625 0.1 0.0890625
0 0.33359375 0.9078125 0.1609375 0.184375
1 0.1125 0.559375 0.05625 0.196875
1 0.31484375 0.75703125 0.0921875 0.196875
0 0.2484375 0.41796875 0.06875 0.053125
