0 0.1078125 0.6859375 0.121875 0.128125
1 0.26484375 0.5765625 0.0734375 0.25859375
0 0.87734375 0.43359375 0.0671875 0.04453125
0 0.89140625 0.38359375 0.0546875 0.03359375
0 0.86796875 0.54453125 0.0890625 0.071875
0 0.3234375 0.52890625 0.1125 0.0859375
0 0.58125 0.3515625 0.065625 0.03046875
0 0.490625 0.4125 0.096875 0.053125
0 0.796875 0.7734375 0.146875 0.153125
0 0.51640625 0.6390625 0.1359375 0.1109375
0 0.67265625 0.4765625 0.0921875 0.05859375
0 0.2421875 0.921875 0.178125 0.15546875
1 0.87890625 0.390625 0.0453125 0.075
1 0.03828125 0.92734375 0.0765625 0.1453125
1 0.42890625 0.70859375 0.1265625 0.29453125
1 0.51640625 0.4140625 0.0515625 0.20546875
0 0.72578125 0.39453125 0.0734375 0.0390625
