0 0.09453125 0.8359375 0.1140625 0.1390625
0 0.19296875 0.61640625 0.0984375 0.0890625
0 0.3296875 0.35546875 0.059375 0.0390625
1 0.090625 0.44609375 0.034375 0.203125
0 0.428125 0.425 0.0625 0.05
0 0.38125 0.6359375 0.11875 0.10546875
1 0.08359375 0.6375 0.0765625 0.23046875
1 0.5328125 0.33359375 0.025 0.128125
0 0.32109375 0.9140625 0.1640625 0.171875
1 0.509375 0.4765625 0.078125 0.28046875
0 0.43515625 0.35 0.0609375 0.03359375
0 0.09453125 0.578125 0.0484375 0.0609375
1 0.4265625 0.43046875 0.046875 0.18359375
1 0.421875 0.303125 0.0375 0.06640625
1 0.37890625 0.44609375 0.0515625 0.253125
0 0.21953125 0.44609375 0.0640625 0.046875
