0 0.64921875 0.4734375 0.0953125 0.05859375
0 0.51796875 0.628125 0.1359375 0.1109375
0 0.29453125 0.896875 0.1765625 0.2
0 0.79375 0.75390625 0.140625 0.146875
0 0.84921875 0.5265625 0.0890625 0.0640625
0 0.88828125 0.37890625 0.0515625 0.0359375
0 0.71875 0.39140625 0.071875 0.0390625
0 0.57734375 0.353125 0.0734375 0.03359375
0 0.484375 0.4140625 0.096875 0.05546875
0 0.3515625 0.50859375 0.103125 0.078125
0 0.0859375 0.7 0.121875 0.128125
0 0.8671875 0.42890625 0.0625 0.04140625
1 0.0421875 0.925 0.084375 0.15
1 0.29453125 0.553125 0.0796875 0.2609375
1 0.37890625 0.51640625 0.0734375 0.2609375
1 0.77890625 0.82109375 0.1015625 0.30859375
