0 0.32109375 0.9125 0.1640625 0.175
1 0.553125 0.42890625 0.025 0.1859375
0 0.4359375 0.3515625 0.065625 0.03046875
0 0.4171875 0.4265625 0.08125 0.05859375
0 0.3296875 0.35390625 0.065625 0.0359375
0 0.21640625 0.440625 0.0671875 0.053125
0 0.19296875 0.615625 0.0953125 0.0859375
0 0.0984375 0.8265625 0.109375 0.1359375
0 0.09375 0.5765625 0.053125 0.05859375
1 0.15 0.790625 0.096875 0.375
1 0.07421875 0.6359375 0.0671875 0.23359375
1 0.27109375 0.43203125 0.0609375 0.19140625
1 0.54453125 0.45 0.0546875 0.23359375
1 0.490625 0.3890625 0.034375 0.2609375
1 0.42421875 0.43046875 0.0453125 0.18359375
0 0.38125 0.634375 0.11875 0.103125
