1 0.6859375 0.35390625 0.05625 0.18046875
1 0.74375 0.396875 0.053125 0.18359375
1 0.88984375 0.4 0.0265625 0.08359375
1 0.86796875 0.43359375 0.0421875 0.128125
1 0.83828125 0.48359375 0.0546875 0.178125
1 0.8359375 0.665625 0.09375 0.26953125
1 0.77421875 0.9265625 0.1203125 0.146875
1 0.328125 0.81953125 0.1125 0.3609375
1 0.36875 0.425 0.046875 0.09453125
1 0.41015625 0.48203125 0.0453125 0.1359375
1 0.39375 0.55703125 0.05625 0.18046875
1 0.29609375 0.55703125 0.0890625 0.2359375
0 0.58203125 0.346875 0.0734375 0.04453125
0 0.49296875 0.4109375 0.0953125 0.05546875
0 0.8125 0.690625 0.128125 0.11953125
0 0.53046875 0.646875 0.1421875 0.1109375
0 0.31171875 0.9015625 0.1796875 0.196875
0 0.13359375 0.6609375 0.1234375 0.121875
0 0.35 0.5109375 0.1125 0.078125
1 0.58984375 0.64296875 0.0921875 0.34140625
0 0.740625 0.3984375 0.053125 0.04140625
0 0.665625 0.46953125 0.06875 0.0609375
0 0.85 0.521875 0.0875 0.06640625
1 0.06171875 0.94453125 0.1234375 0.1109375
1 0.6015625 0.346875 0.04375 0.15
1 0.7046875 0.30546875 0.034375 0.1
1 0.70078125 0.428125 0.0609375 0.19453125
