0 0.903125 0.396875 0.053125 0.03359375
0 0.1046875 0.6890625 0.121875 0.128125
0 0.6484375 0.4640625 0.09375 0.05546875
0 0.58203125 0.353125 0.0671875 0.03359375
0 0.71484375 0.3890625 0.0703125 0.03359375
1 0.9140625 0.359375 0.03125 0.075
1 0.60703125 0.35703125 0.0453125 0.15859375
1 0.753125 0.896875 0.128125 0.20546875
1 0.58203125 0.553125 0.0703125 0.2109375
1 0.51328125 0.40703125 0.0515625 0.16953125
0 0.85703125 0.44140625 0.0703125 0.04453125
0 0.48515625 0.4125 0.0984375 0.053125
1 0.51953125 0.671875 0.0859375 0.328125
0 0.5515625 0.5859375 0.11875 0.0890625
1 0.0515625 0.74453125 0.103125 0.2890625
0 0.34765625 0.50703125 0.1171875 0.08046875
0 0.340625 0.85390625 0.175 0.1859375
0 0.83671875 0.546875 0.0953125 0.071875
0 0.81171875 0.72109375 0.1328125 0.13046875
