1 0.4546875 0.3484375 0.034375 0.146875
1 0.32890625 0.72109375 0.0921875 0.225
0 0.3328125 0.909375 0.1625 0.18046875
0 0.10859375 0.81953125 0.1078125 0.1390625
0 0.228125 0.6390625 0.103125 0.09453125
0 0.10078125 0.56953125 0.0765625 0.071875
0 0.24765625 0.4234375 0.0640625 0.04140625
0 0.4109375 0.4234375 0.08125 0.046875
0 0.39296875 0.60390625 0.1109375 0.09140625
0 0.45 0.3484375 0.053125 0.03046875
0 0.3359375 0.353125 0.05625 0.03359375
1 0.25078125 0.6125 0.0796875 0.23046875
1 0.11640625 0.559375 0.0515625 0.2140625
1 0.27109375 0.4140625 0.0421875 0.15
1 0.3625 0.4359375 0.05 0.16640625
1 0.4171875 0.4234375 0.046875 0.16953125
1 0.7734375 0.78203125 0.096875 0.29140625
