1 0.07578125 0.6390625 0.0671875 0.221875
1 0.14921875 0.7890625 0.0859375 0.371875
1 0.4140625 0.30546875 0.040625 0.14453125
0 0.09609375 0.8359375 0.1078125 0.1390625
1 0.4234375 0.43359375 0.046875 0.18359375
1 0.5 0.44296875 0.05625 0.26953125
1 0.27890625 0.4390625 0.0671875 0.20546875
0 0.3203125 0.9125 0.165625 0.175
0 0.38203125 0.6359375 0.1203125 0.10546875
0 0.41796875 0.4265625 0.0828125 0.053125
0 0.32734375 0.35859375 0.0640625 0.03359375
0 0.21875 0.44140625 0.06875 0.04453125
0 0.19453125 0.61640625 0.0953125 0.08359375
0 0.0953125 0.578125 0.053125 0.06640625
