1 0.525 0.40546875 0.046875 0.19453125
1 0.03828125 0.921875 0.0765625 0.15546875
1 0.434375 0.703125 0.128125 0.29453125
1 0.8046875 0.72890625 0.109375 0.296875
1 0.8796875 0.4234375 0.04375 0.15859375
1 0.2625 0.57890625 0.078125 0.2640625
0 0.10859375 0.684375 0.1234375 0.125
0 0.3234375 0.5265625 0.1125 0.0859375
0 0.48984375 0.4140625 0.0984375 0.05546875
0 0.5796875 0.353125 0.06875 0.03359375
0 0.73125 0.390625 0.071875 0.04140625
0 0.671875 0.4765625 0.09375 0.05859375
0 0.51640625 0.640625 0.1359375 0.1140625
0 0.87734375 0.43203125 0.0671875 0.04140625
0 0.86953125 0.54453125 0.0921875 0.071875
0 0.79765625 0.771875 0.1453125 0.15
0 0.2421875 0.9203125 0.178125 0.159375
