1 0.178125 0.565625 0.0875 0.146875
1 0.29609375 0.55390625 0.0703125 0.2859375
1 0.190625 0.7125 0.0875 0.29140625
1 0.05703125 0.74140625 0.1078125 0.34453125
1 0.08359375 0.9265625 0.0953125 0.146875
0 0.30546875 0.90234375 0.1828125 0.1953125
1 0.74921875 0.38359375 0.0421875 0.16640625
1 0.4625 0.4515625 0.046875 0.196875
1 0.42734375 0.4765625 0.0359375 0.125
1 0.37734375 0.45 0.0703125 0.11640625
1 0.3859375 0.56640625 0.059375 0.221875
0 0.81171875 0.6890625 0.1296875 0.11640625
0 0.56640625 0.59609375 0.1265625 0.09140625
1 0.70234375 0.3984375 0.0578125 0.146875
1 0.76796875 0.43203125 0.0796875 0.1859375
1 0.8375 0.4890625 0.059375 0.178125
1 0.83671875 0.6640625 0.0734375 0.26640625
1 0.79375 0.896875 0.109375 0.20546875
1 0.01328125 0.94140625 0.0265625 0.11640625
0 0.89296875 0.38359375 0.0484375 0.021875
0 0.35 0.50859375 0.1 0.071875
0 0.6703125 0.475 0.09375 0.05546875
0 0.74140625 0.3984375 0.0578125 0.04140625
0 0.8484375 0.5234375 0.090625 0.0640625
0 0.87890625 0.4359375 0.0546875 0.0390625
0 0.1296875 0.6625 0.115625 0.11953125
0 0.50078125 0.409375 0.0796875 0.053125
0 0.58359375 0.35 0.0734375 0.0390625
