0 0.44140625 0.35546875 0.0296875 0.028125
0 0.38125 0.634375 0.11875 0.103125
0 0.21796875 0.4390625 0.0703125 0.05
0 0.328125 0.35703125 0.059375 0.0359375
0 0.19296875 0.615625 0.0953125 0.0859375
0 0.0984375 0.82890625 0.109375 0.1359375
0 0.09453125 0.578125 0.0515625 0.0609375
0 0.4125 0.42890625 0.071875 0.046875
1 0.540625 0.4390625 0.053125 0.3
1 0.5765625 0.34609375 0.04375 0.11953125
1 0.5609375 0.32109375 0.01875 0.0859375
1 0.46796875 0.48046875 0.0578125 0.3109375
1 0.42578125 0.44296875 0.0421875 0.2140625
1 0.26796875 0.434375 0.0671875 0.19140625
1 0.15 0.784375 0.09375 0.36953125
1 0.075 0.63359375 0.06875 0.221875
0 0.3203125 0.9140625 0.165625 0.171875
