0 0.296875 0.89453125 0.178125 0.19453125
0 0.86953125 0.434375 0.0671875 0.053125
0 0.0859375 0.6984375 0.121875 0.13046875
0 0.3515625 0.50703125 0.103125 0.09140625
0 0.89140625 0.38203125 0.0515625 0.0359375
0 0.5171875 0.628125 0.134375 0.1109375
1 0.2984375 0.52890625 0.090625 0.2140625
1 0.0265625 0.9625 0.053125 0.075
0 0.7953125 0.75390625 0.14375 0.14140625
0 0.48515625 0.41953125 0.0984375 0.0609375
0 0.57734375 0.35 0.0703125 0.028125
0 0.71953125 0.39453125 0.0703125 0.05
1 0.378125 0.5125 0.078125 0.25859375
0 0.65234375 0.478125 0.0984375 0.0609375
0 0.84921875 0.528125 0.0890625 0.071875
1 0.77109375 0.825 0.1015625 0.3
