1 0.39140625 0.4984375 0.0609375 0.2359375
1 0.0265625 0.9625 0.053125 0.075
0 0.08671875 0.6984375 0.1203125 0.125
0 0.8953125 0.3859375 0.040625 0.0390625
0 0.57734375 0.346875 0.0734375 0.028125
0 0.4859375 0.415625 0.096875 0.053125
0 0.35078125 0.5125 0.1078125 0.06953125
0 0.5171875 0.628125 0.134375 0.1109375
1 0.78046875 0.821875 0.1046875 0.3
0 0.84921875 0.528125 0.0890625 0.071875
0 0.79609375 0.74609375 0.1421875 0.1359375
0 0.71796875 0.39140625 0.0734375 0.0390625
0 0.6484375 0.4734375 0.09375 0.05859375
0 0.2953125 0.89296875 0.178125 0.196875
1 0.84609375 0.43203125 0.0453125 0.1359375
1 0.859375 0.3734375 0.04375 0.0859375
1 0.29375 0.5515625 0.071875 0.2640625
