1 0.0265625 0.96640625 0.053125 0.06640625
0 0.29609375 0.896875 0.1796875 0.20546875
1 0.38125 0.50703125 0.078125 0.275
0 0.64921875 0.4765625 0.0953125 0.0640625
0 0.71953125 0.390625 0.0671875 0.0359375
1 0.29765625 0.53203125 0.0921875 0.2140625
0 0.51796875 0.63203125 0.1328125 0.1140625
0 0.85 0.5265625 0.090625 0.06953125
0 0.48515625 0.415625 0.0984375 0.05859375
0 0.8703125 0.42890625 0.06875 0.04140625
0 0.88984375 0.378125 0.0484375 0.03359375
0 0.34609375 0.571875 0.1171875 0.20546875
0 0.7953125 0.753125 0.14375 0.14453125
0 0.0859375 0.70390625 0.11875 0.14140625
0 0.578125 0.35 0.071875 0.03359375
1 0.76953125 0.825 0.1015625 0.29453125
