1 0.29296875 0.5625 0.0734375 0.275
1 0.3828125 0.5640625 0.06875 0.19453125
1 0.1984375 0.696875 0.096875 0.26640625
0 0.81171875 0.690625 0.1265625 0.11953125
0 0.12890625 0.6640625 0.1171875 0.121875
0 0.35234375 0.5125 0.1078125 0.06953125
1 0.43828125 0.5109375 0.0484375 0.1609375
1 0.36484375 0.49453125 0.0796875 0.1890625
1 0.46484375 0.4515625 0.0546875 0.196875
1 0.8375 0.453125 0.05625 0.10546875
1 0.840625 0.66640625 0.06875 0.29453125
1 0.1703125 0.559375 0.078125 0.146875
0 0.584375 0.3484375 0.06875 0.03046875
0 0.89921875 0.384375 0.0484375 0.025
0 0.87890625 0.43359375 0.0546875 0.04453125
0 0.85 0.521875 0.090625 0.06640625
0 0.30625 0.9015625 0.18125 0.196875
1 0.07734375 0.91953125 0.1140625 0.1609375
0 0.73359375 0.39453125 0.0765625 0.0390625
0 0.6703125 0.475 0.09375 0.05546875
0 0.5 0.40703125 0.075 0.053125
0 0.56640625 0.59453125 0.1265625 0.09453125
1 0.0578125 0.74140625 0.109375 0.35546875
