0 0.4109375 0.4234375 0.078125 0.046875
0 0.45 0.3484375 0.05625 0.0359375
0 0.39375 0.60546875 0.1125 0.0890625
0 0.22890625 0.64140625 0.1046875 0.09453125
0 0.10078125 0.56953125 0.0734375 0.071875
0 0.1078125 0.81796875 0.109375 0.1359375
0 0.33359375 0.909375 0.1609375 0.18046875
1 0.79375 0.8625 0.128125 0.18046875
0 0.2484375 0.42109375 0.06875 0.04140625
0 0.33671875 0.35 0.0578125 0.03359375
1 0.11953125 0.5609375 0.0484375 0.21640625
1 0.271875 0.40703125 0.040625 0.13046875
1 0.3671875 0.4515625 0.05625 0.19140625
1 0.41953125 0.42890625 0.0453125 0.175
1 0.45390625 0.346875 0.0296875 0.14453125
1 0.3265625 0.71640625 0.090625 0.221875
