1 0.35234375 0.571875 0.0796875 0.2609375
0 0.796875 0.75 0.14375 0.1390625
0 0.4859375 0.41640625 0.096875 0.05546875
0 0.89140625 0.37890625 0.0515625 0.03046875
0 0.72578125 0.39296875 0.0671875 0.0359375
0 0.65703125 0.48046875 0.0953125 0.0609375
0 0.51640625 0.628125 0.1359375 0.1109375
0 0.2953125 0.896875 0.178125 0.2
0 0.86640625 0.4265625 0.0640625 0.04140625
0 0.85 0.5265625 0.090625 0.0640625
0 0.08515625 0.7 0.1203125 0.128125
0 0.3453125 0.50546875 0.11875 0.078125
0 0.578125 0.3515625 0.075 0.03046875
1 0.7828125 0.81953125 0.103125 0.278125
1 0.85625 0.509375 0.06875 0.1859375
1 0.740625 0.384375 0.040625 0.16953125
1 0.6765625 0.48203125 0.04375 0.23046875
1 0.603125 0.3484375 0.046875 0.13046875
1 0.39765625 0.46953125 0.0609375 0.16640625
