1 0.2890625 0.55546875 0.075 0.24453125
0 0.84921875 0.525 0.0890625 0.0609375
0 0.81171875 0.69296875 0.1296875 0.11953125
1 0.7453125 0.4 0.053125 0.1890625
1 0.7015625 0.4265625 0.059375 0.196875
1 0.62734375 0.5140625 0.0640625 0.23359375
1 0.590625 0.64296875 0.09375 0.34140625
1 0.321875 0.8265625 0.10625 0.3359375
1 0.38671875 0.55859375 0.0796875 0.20546875
1 0.4234375 0.471875 0.04375 0.1390625
1 0.3796875 0.44296875 0.05625 0.13046875
1 0.08671875 0.70390625 0.1171875 0.29140625
1 0.0703125 0.95546875 0.08125 0.0890625
1 0.45859375 0.45390625 0.0640625 0.203125
1 0.775 0.9203125 0.125 0.159375
0 0.5859375 0.346875 0.065625 0.0390625
0 0.34453125 0.50859375 0.0953125 0.078125
0 0.5 0.409375 0.08125 0.053125
1 0.89609375 0.340625 0.0265625 0.075
1 0.890625 0.390625 0.028125 0.06953125
1 0.8703125 0.434375 0.034375 0.14140625
1 0.83984375 0.4875 0.0578125 0.1859375
1 0.83515625 0.65546875 0.0890625 0.2390625
0 0.13359375 0.6625 0.1265625 0.125
0 0.74453125 0.3984375 0.0484375 0.0359375
0 0.66484375 0.47109375 0.0703125 0.05859375
0 0.53203125 0.646875 0.1390625 0.10546875
0 0.3109375 0.90703125 0.18125 0.1859375
