0 0.31953125 0.9125 0.1640625 0.175
0 0.0953125 0.5734375 0.05 0.05859375
0 0.19453125 0.61640625 0.0953125 0.0890625
0 0.38046875 0.63203125 0.1171875 0.09140625
0 0.21875 0.446875 0.075 0.03359375
0 0.32890625 0.359375 0.0609375 0.0359375
0 0.43359375 0.353125 0.0640625 0.03359375
1 0.14921875 0.7859375 0.0859375 0.371875
1 0.07578125 0.64140625 0.0671875 0.221875
1 0.275 0.434375 0.06875 0.203125
1 0.41953125 0.4359375 0.0421875 0.18359375
1 0.45703125 0.6140625 0.0703125 0.40546875
1 0.54296875 0.57109375 0.0703125 0.3359375
0 0.09609375 0.834375 0.1078125 0.14140625
1 0.421875 0.32109375 0.05 0.10859375
0 0.41015625 0.428125 0.0640625 0.04453125
