1 0.85234375 0.45546875 0.0484375 0.13359375
1 0.61015625 0.35390625 0.0328125 0.153125
1 0.05234375 0.74453125 0.1046875 0.2890625
1 0.5828125 0.56640625 0.065625 0.228125
0 0.34609375 0.50859375 0.1203125 0.078125
0 0.10234375 0.690625 0.1234375 0.13046875
0 0.3390625 0.8515625 0.175 0.1859375
0 0.81171875 0.721875 0.1328125 0.1390625
0 0.8375 0.546875 0.096875 0.078125
0 0.85703125 0.44296875 0.0703125 0.046875
0 0.903125 0.3890625 0.053125 0.021875
0 0.71484375 0.39296875 0.0734375 0.04140625
1 0.90546875 0.3859375 0.0359375 0.1
1 0.53515625 0.6484375 0.1359375 0.26953125
0 0.4859375 0.4140625 0.096875 0.0609375
1 0.68203125 0.76484375 0.1734375 0.4703125
0 0.5625 0.584375 0.096875 0.09140625
0 0.578125 0.35390625 0.071875 0.04140625
1 0.5171875 0.4109375 0.05625 0.20546875
0 0.64921875 0.4625 0.0953125 0.05859375
