1 0.534375 0.646875 0.140625 0.26640625
1 0.60390625 0.35859375 0.0453125 0.15546875
1 0.58125 0.56640625 0.0625 0.221875
0 0.1015625 0.6890625 0.125 0.13359375
0 0.34765625 0.509375 0.1171875 0.0859375
1 0.51796875 0.4109375 0.0546875 0.2
0 0.4859375 0.41796875 0.096875 0.06953125
0 0.58203125 0.35 0.0671875 0.0390625
0 0.71484375 0.39140625 0.0703125 0.04453125
0 0.64921875 0.46796875 0.0921875 0.0640625
0 0.5640625 0.5890625 0.09375 0.09453125
0 0.340625 0.85546875 0.175 0.19453125
0 0.8109375 0.721875 0.134375 0.13359375
0 0.8359375 0.546875 0.09375 0.071875
0 0.85625 0.440625 0.071875 0.046875
0 0.9015625 0.396875 0.053125 0.03359375
1 0.85078125 0.4515625 0.0484375 0.1359375
1 0.90703125 0.40546875 0.0328125 0.1390625
1 0.6859375 0.77734375 0.171875 0.4453125
1 0.03828125 0.74140625 0.0734375 0.29453125
