0 0.86796875 0.428125 0.0640625 0.04453125
0 0.7203125 0.3890625 0.071875 0.0390625
0 0.578125 0.3515625 0.071875 0.03046875
0 0.6515625 0.475 0.096875 0.0609375
0 0.2953125 0.896875 0.178125 0.2
0 0.51796875 0.63046875 0.1359375 0.1109375
1 0.78125 0.821875 0.10625 0.3
1 0.859375 0.51640625 0.0625 0.21640625
1 0.7421875 0.3890625 0.040625 0.171875
1 0.63203125 0.45546875 0.0640625 0.23359375
1 0.6078125 0.340625 0.040625 0.1140625
0 0.88984375 0.38359375 0.0484375 0.03359375
0 0.85 0.5265625 0.090625 0.06953125
0 0.7953125 0.753125 0.140625 0.1390625
0 0.08671875 0.7 0.1203125 0.128125
0 0.34453125 0.509375 0.1203125 0.08046875
0 0.48515625 0.4125 0.0984375 0.053125
