0 0.325 0.53046875 0.1125 0.0890625
0 0.10703125 0.68359375 0.1234375 0.121875
0 0.4921875 0.4140625 0.096875 0.05546875
0 0.58125 0.35390625 0.065625 0.03046875
0 0.72578125 0.39453125 0.0703125 0.0390625
0 0.8765625 0.43359375 0.06875 0.04453125
0 0.86875 0.54296875 0.090625 0.06953125
0 0.79765625 0.771875 0.1453125 0.15
0 0.51796875 0.6390625 0.1359375 0.1109375
0 0.6703125 0.4734375 0.090625 0.05859375
0 0.24296875 0.921875 0.1796875 0.15546875
1 0.0375 0.9265625 0.075 0.146875
1 0.26328125 0.575 0.0703125 0.2609375
1 0.4296875 0.70703125 0.125 0.29140625
1 0.87734375 0.3875 0.0453125 0.075
1 0.51640625 0.4140625 0.0515625 0.20546875
