0 0.10859375 0.82109375 0.1109375 0.14140625
1 0.11015625 0.56953125 0.0515625 0.21640625
0 0.44765625 0.35859375 0.0609375 0.0390625
1 0.015625 0.71953125 0.03125 0.2609375
0 0.34140625 0.90703125 0.1640625 0.1859375
1 0.48828125 0.6109375 0.0796875 0.43359375
0 0.1015625 0.57109375 0.078125 0.06953125
0 0.334375 0.353125 0.0625 0.04453125
0 0.2203125 0.6140625 0.1 0.0890625
0 0.37734375 0.6015625 0.1140625 0.09140625
0 0.24609375 0.421875 0.0671875 0.04453125
0 0.409375 0.42109375 0.078125 0.046875
