0 0.8953125 0.384375 0.053125 0.01953125
1 0.29375 0.5609375 0.06875 0.271875
1 0.1734375 0.55859375 0.08125 0.14453125
1 0.19375 0.70703125 0.090625 0.26953125
1 0.05703125 0.740625 0.1078125 0.35859375
1 0.08046875 0.91953125 0.0921875 0.1609375
0 0.8125 0.6875 0.125 0.11953125
0 0.5671875 0.59609375 0.128125 0.09140625
0 0.5 0.409375 0.078125 0.053125
0 0.5875 0.346875 0.065625 0.028125
0 0.6703125 0.475 0.09375 0.05546875
0 0.73203125 0.3984375 0.0734375 0.04140625
0 0.87890625 0.43359375 0.0515625 0.0390625
1 0.465625 0.45 0.05 0.19453125
0 0.12734375 0.6609375 0.1109375 0.11640625
0 0.35546875 0.50703125 0.1015625 0.08046875
0 0.30546875 0.90234375 0.1796875 0.1953125
1 0.428125 0.4984375 0.071875 0.1359375
1 0.384375 0.5484375 0.06875 0.18046875
0 0.84921875 0.525 0.0890625 0.06640625
1 0.3828125 0.4734375 0.05625 0.1859375
1 0.8390625 0.453125 0.05625 0.10546875
1 0.83671875 0.6765625 0.0765625 0.28046875
