0 0.4859375 0.4125 0.103125 0.053125
1 0.05390625 0.740625 0.1015625 0.29140625
1 0.38828125 0.49296875 0.0578125 0.20859375
1 0.51328125 0.403125 0.0640625 0.221875
0 0.64609375 0.4640625 0.0890625 0.05546875
0 0.34765625 0.509375 0.1171875 0.08046875
0 0.85625 0.44296875 0.06875 0.046875
0 0.83515625 0.546875 0.0953125 0.071875
0 0.81171875 0.72109375 0.1328125 0.13046875
0 0.71171875 0.390625 0.0703125 0.04140625
0 0.10390625 0.6890625 0.1203125 0.13359375
0 0.903125 0.403125 0.05 0.0390625
0 0.59453125 0.3484375 0.0703125 0.03046875
0 0.34140625 0.85546875 0.1765625 0.1890625
0 0.55 0.5875 0.125 0.096875
1 0.6234375 0.25859375 0.028125 0.08359375
1 0.8265625 0.69140625 0.078125 0.3390625
1 0.61640625 0.35390625 0.0515625 0.16953125
