0 0.4140625 0.425 0.075 0.05
0 0.44921875 0.35 0.0578125 0.03359375
0 0.2484375 0.41796875 0.06875 0.046875
0 0.10859375 0.81953125 0.1109375 0.1390625
0 0.33203125 0.90859375 0.1609375 0.178125
0 0.33828125 0.353125 0.0578125 0.028125
0 0.228125 0.6390625 0.10625 0.09453125
0 0.39453125 0.6015625 0.1109375 0.0859375
0 0.1 0.56640625 0.078125 0.071875
1 0.2609375 0.5875 0.0625 0.275
1 0.41875 0.4265625 0.046875 0.175
1 0.4515625 0.35 0.0375 0.14453125
1 0.271875 0.41796875 0.040625 0.15859375
1 0.115625 0.55703125 0.053125 0.20859375
1 0.828125 0.89453125 0.140625 0.13359375
1 0.328125 0.71953125 0.0875 0.221875
1 0.3640625 0.440625 0.05 0.16953125
