1 0.0734375 0.62890625 0.0625 0.20859375
0 0.41796875 0.43046875 0.0796875 0.05
0 0.19453125 0.615625 0.0953125 0.09140625
0 0.4359375 0.3515625 0.0625 0.03046875
0 0.09609375 0.83359375 0.1078125 0.1390625
0 0.21796875 0.44609375 0.0640625 0.053125
0 0.09453125 0.5734375 0.0515625 0.053125
1 0.54375 0.453125 0.040625 0.228125
0 0.33046875 0.35703125 0.0546875 0.0359375
0 0.31953125 0.9125 0.1609375 0.175
1 0.42265625 0.4359375 0.0421875 0.1609375
1 0.428125 0.334375 0.046875 0.10859375
1 0.2703125 0.440625 0.08125 0.196875
0 0.38203125 0.63046875 0.1203125 0.10546875
