1 0.5125 0.41640625 0.053125 0.20546875
1 0.82421875 0.6890625 0.0828125 0.34453125
1 0.0546875 0.74140625 0.1 0.29453125
0 0.81171875 0.721875 0.1328125 0.13359375
0 0.346875 0.50859375 0.11875 0.078125
0 0.4859375 0.4109375 0.1 0.05546875
0 0.5921875 0.353125 0.071875 0.03359375
1 0.3921875 0.50859375 0.0625 0.25546875
0 0.90390625 0.4015625 0.0546875 0.0359375
0 0.71484375 0.3890625 0.0734375 0.0390625
0 0.6484375 0.4625 0.09375 0.05859375
0 0.10546875 0.6890625 0.1171875 0.128125
0 0.5484375 0.5890625 0.125 0.1
0 0.33984375 0.85390625 0.1734375 0.19140625
0 0.85625 0.440625 0.071875 0.046875
0 0.8359375 0.546875 0.09375 0.071875
1 0.615625 0.359375 0.05 0.1640625
