0 0.57890625 0.35390625 0.0703125 0.0359375
0 0.72109375 0.39609375 0.0671875 0.046875
0 0.51640625 0.63203125 0.1359375 0.1140625
1 0.29921875 0.528125 0.0921875 0.2109375
0 0.4859375 0.415625 0.096875 0.05859375
0 0.8484375 0.528125 0.0875 0.06640625
0 0.79375 0.75 0.140625 0.14453125
1 0.37890625 0.5140625 0.0703125 0.2609375
0 0.86875 0.43359375 0.065625 0.05
0 0.890625 0.38203125 0.05 0.04140625
0 0.08671875 0.7015625 0.1203125 0.13046875
0 0.65078125 0.478125 0.0953125 0.0609375
0 0.2953125 0.896875 0.178125 0.20546875
1 0.028125 0.9609375 0.05625 0.078125
0 0.34765625 0.5109375 0.1140625 0.08359375
1 0.775 0.8234375 0.103125 0.303125
