1 0.58828125 0.3515625 0.0359375 0.10859375
1 0.26875 0.41953125 0.040625 0.1609375
0 0.3328125 0.9015625 0.1625 0.18046875
0 0.10859375 0.81640625 0.1109375 0.1390625
1 0.50703125 0.67109375 0.0953125 0.36953125
0 0.3390625 0.3484375 0.053125 0.0359375
0 0.37578125 0.6 0.1109375 0.09453125
1 0.45 0.5359375 0.0625 0.2890625
0 0.4484375 0.35546875 0.0625 0.0390625
0 0.40390625 0.4234375 0.0671875 0.0359375
1 0.1125 0.57109375 0.05625 0.21953125
1 0.01875 0.7125 0.034375 0.253125
0 0.2484375 0.42109375 0.06875 0.04140625
0 0.1015625 0.56796875 0.078125 0.0640625
0 0.21953125 0.6140625 0.1015625 0.0890625
