0 0.3328125 0.9125 0.1625 0.175
1 0.13046875 0.778125 0.1015625 0.28359375
1 0.34609375 0.7625 0.0953125 0.146875
1 0.284375 0.428125 0.059375 0.1890625
1 0.33125 0.359375 0.03125 0.14140625
1 0.35546875 0.3890625 0.0484375 0.1609375
0 0.4109375 0.42109375 0.08125 0.046875
0 0.375 0.60703125 0.1125 0.09140625
0 0.24453125 0.4234375 0.0671875 0.0359375
0 0.10859375 0.5640625 0.0890625 0.06640625
0 0.45 0.35390625 0.065625 0.0359375
0 0.109375 0.83046875 0.109375 0.1390625
0 0.22109375 0.6125 0.1015625 0.0859375
1 0.55 0.28203125 0.028125 0.175
