0 0.71875 0.39140625 0.06875 0.0390625
0 0.29609375 0.896875 0.1796875 0.20546875
0 0.48671875 0.415625 0.0984375 0.05859375
0 0.58359375 0.3515625 0.0578125 0.03046875
0 0.85 0.52890625 0.090625 0.0640625
0 0.86484375 0.43046875 0.0609375 0.04453125
0 0.8890625 0.3765625 0.05 0.025
0 0.79375 0.753125 0.14375 0.1390625
0 0.6484375 0.4765625 0.09375 0.0640625
0 0.51875 0.62890625 0.134375 0.10859375
0 0.08671875 0.690625 0.1203125 0.125
0 0.35 0.5015625 0.109375 0.096875
1 0.77734375 0.8140625 0.1046875 0.271875
1 0.73125 0.396875 0.05 0.18359375
1 0.6046875 0.35859375 0.03125 0.1609375
1 0.3859375 0.5140625 0.053125 0.25546875
1 0.29375 0.55 0.0875 0.25546875
