1 0.62578125 0.5125 0.0609375 0.23046875
1 0.7 0.4265625 0.059375 0.196875
1 0.87109375 0.41953125 0.0390625 0.10546875
1 0.89140625 0.39609375 0.0328125 0.075
1 0.89296875 0.34609375 0.0296875 0.0640625
1 0.83984375 0.4484375 0.0546875 0.10859375
1 0.58828125 0.64453125 0.0953125 0.3390625
1 0.32109375 0.7515625 0.1078125 0.175
1 0.0703125 0.95234375 0.090625 0.0953125
0 0.64375 0.4515625 0.0125 0.03046875
1 0.38125 0.475 0.05625 0.2
1 0.42578125 0.4875 0.0390625 0.14140625
1 0.290625 0.55 0.075 0.23359375
1 0.775 0.92734375 0.121875 0.1453125
1 0.38671875 0.56640625 0.0765625 0.19453125
1 0.45625 0.4515625 0.06875 0.203125
0 0.84921875 0.521875 0.0890625 0.06640625
1 0.74375 0.396875 0.053125 0.1890625
1 0.8375 0.615625 0.09375 0.14140625
0 0.1328125 0.6625 0.121875 0.125
0 0.31015625 0.90234375 0.1796875 0.1953125
0 0.53046875 0.6484375 0.1390625 0.1140625
0 0.81328125 0.690625 0.1328125 0.11953125
0 0.89296875 0.4390625 0.0171875 0.028125
0 0.88828125 0.37890625 0.0546875 0.03046875
0 0.7359375 0.396875 0.053125 0.0390625
0 0.66328125 0.47109375 0.0734375 0.05859375
0 0.58515625 0.35 0.0671875 0.028125
0 0.4984375 0.409375 0.084375 0.053125
0 0.34375 0.509375 0.096875 0.08046875
1 0.08828125 0.703125 0.1140625 0.2890625
