0 0.21640625 0.45 0.0671875 0.04453125
0 0.19296875 0.6109375 0.0953125 0.08359375
1 0.271875 0.44140625 0.075 0.19453125
0 0.43671875 0.35 0.0640625 0.03359375
0 0.33125 0.35390625 0.053125 0.0359375
1 0.42421875 0.340625 0.0390625 0.096875
1 0.421875 0.44140625 0.040625 0.1609375
1 0.54140625 0.425 0.0359375 0.28359375
0 0.09453125 0.83046875 0.1078125 0.15546875
0 0.09921875 0.571875 0.0453125 0.05
0 0.3203125 0.9125 0.1625 0.175
1 0.14140625 0.740625 0.0828125 0.325
1 0.0703125 0.6375 0.059375 0.225
0 0.38125 0.63359375 0.11875 0.1
0 0.4171875 0.42890625 0.084375 0.04140625
1 0.0375 0.403125 0.01875 0.09453125
1 0.5453125 0.3375 0.046875 0.06953125
