1 0.2640625 0.578125 0.075 0.2609375
1 0.878125 0.4234375 0.046875 0.15859375
1 0.51796875 0.4125 0.0484375 0.196875
1 0.45 0.69609375 0.1 0.303125
0 0.521875 0.678125 0.125 0.1890625
1 0.0375 0.946875 0.075 0.10546875
0 0.1078125 0.68046875 0.121875 0.128125
0 0.32578125 0.53203125 0.1109375 0.09140625
0 0.49140625 0.4140625 0.0984375 0.05
0 0.5796875 0.35 0.06875 0.03359375
0 0.6703125 0.478125 0.090625 0.05546875
0 0.72265625 0.39140625 0.0734375 0.04453125
0 0.8765625 0.43046875 0.065625 0.05
0 0.8671875 0.54296875 0.090625 0.08046875
0 0.79609375 0.77890625 0.1484375 0.153125
0 0.24296875 0.9203125 0.1796875 0.159375
