0 0.7421875 0.396875 0.05 0.04453125
1 0.3953125 0.546875 0.05625 0.171875
0 0.66484375 0.47109375 0.0703125 0.05859375
1 0.74609375 0.396875 0.0453125 0.18359375
1 0.6265625 0.515625 0.0625 0.23046875
1 0.5890625 0.64453125 0.090625 0.34453125
1 0.328125 0.8203125 0.1125 0.359375
1 0.06015625 0.94453125 0.1203125 0.1109375
0 0.1328125 0.6625 0.125 0.125
0 0.34921875 0.50859375 0.1078125 0.078125
0 0.4921875 0.409375 0.096875 0.05859375
0 0.31015625 0.9 0.1796875 0.2
0 0.81171875 0.69140625 0.1265625 0.11640625
0 0.53125 0.646875 0.140625 0.1109375
1 0.834375 0.66640625 0.0875 0.26640625
1 0.40859375 0.5 0.0484375 0.18359375
1 0.365625 0.48046875 0.046875 0.2109375
1 0.29375 0.5640625 0.078125 0.25546875
1 0.86953125 0.4359375 0.0390625 0.13359375
0 0.58359375 0.35 0.0734375 0.03359375
1 0.88984375 0.4015625 0.0265625 0.0859375
0 0.84921875 0.52109375 0.0890625 0.0640625
1 0.7015625 0.428125 0.05625 0.2
1 0.68515625 0.35390625 0.0578125 0.18046875
1 0.70546875 0.309375 0.0296875 0.103125
1 0.6015625 0.3484375 0.0375 0.153125
1 0.8375 0.4484375 0.053125 0.103125
1 0.7734375 0.925 0.11875 0.15
