0 0.84921875 0.528125 0.0890625 0.06640625
0 0.08671875 0.7 0.1203125 0.13359375
0 0.51640625 0.63046875 0.1359375 0.1109375
1 0.38046875 0.5140625 0.0765625 0.25546875
0 0.3515625 0.5109375 0.10625 0.078125
0 0.484375 0.415625 0.096875 0.05859375
0 0.65078125 0.4765625 0.0953125 0.0640625
1 0.2921875 0.55 0.075 0.2609375
0 0.2953125 0.896875 0.178125 0.20546875
1 0.0421875 0.9234375 0.084375 0.153125
0 0.584375 0.35 0.0625 0.03359375
0 0.71953125 0.39296875 0.0703125 0.04140625
0 0.8890625 0.37890625 0.05 0.0359375
1 0.7796875 0.821875 0.1 0.30546875
0 0.79296875 0.75546875 0.1421875 0.15
0 0.86796875 0.4265625 0.0640625 0.04140625
