1 0.8515625 0.45 0.05 0.13359375
1 0.51640625 0.40546875 0.0578125 0.1890625
1 0.05234375 0.746875 0.1046875 0.29453125
1 0.91015625 0.39140625 0.0328125 0.1109375
1 0.68671875 0.8390625 0.1484375 0.321875
1 0.53515625 0.653125 0.1421875 0.28359375
1 0.58125 0.5765625 0.065625 0.246875
0 0.10390625 0.690625 0.1234375 0.1359375
0 0.34765625 0.509375 0.1171875 0.0859375
0 0.48515625 0.41796875 0.1015625 0.05859375
0 0.578125 0.353125 0.075 0.04453125
0 0.71328125 0.3890625 0.0703125 0.04453125
0 0.903125 0.3984375 0.05 0.0359375
0 0.83671875 0.5515625 0.0953125 0.08046875
0 0.8109375 0.72109375 0.134375 0.1359375
0 0.340625 0.85390625 0.175 0.19140625
0 0.559375 0.58359375 0.103125 0.09453125
0 0.64140625 0.4640625 0.1046875 0.0609375
0 0.85703125 0.44609375 0.0703125 0.053125
1 0.6078125 0.35390625 0.034375 0.15859375
