1 0.6046875 0.36640625 0.028125 0.15
0 0.56484375 0.59453125 0.1234375 0.1
0 0.4921875 0.4109375 0.096875 0.05546875
1 0.8625 0.4390625 0.053125 0.128125
1 0.87734375 0.38046875 0.0484375 0.0890625
1 0.734375 0.559375 0.0875 0.3640625
0 0.8125 0.690625 0.128125 0.125
1 0.640625 0.35 0.04375 0.221875
1 0.17421875 0.5515625 0.0765625 0.146875
1 0.20859375 0.6765625 0.0828125 0.2640625
1 0.08125 0.9359375 0.096875 0.128125
1 0.0546875 0.6765625 0.0625 0.225
1 0.01484375 0.9453125 0.0296875 0.109375
0 0.30625 0.90234375 0.18125 0.1953125
0 0.125 0.65859375 0.109375 0.10546875
0 0.84765625 0.5234375 0.0890625 0.06953125
0 0.6671875 0.4765625 0.090625 0.05859375
0 0.71875 0.39609375 0.05 0.0359375
1 0.67109375 0.465625 0.0796875 0.2140625
1 0.140625 0.740625 0.11875 0.2859375
0 0.58359375 0.346875 0.0765625 0.0390625
0 0.3484375 0.50546875 0.11875 0.078125
1 0.60390625 0.253125 0.0296875 0.071875
