0 0.35234375 0.50859375 0.1078125 0.078125
0 0.5859375 0.34609375 0.065625 0.03046875
0 0.49375 0.4109375 0.09375 0.05546875
1 0.86796875 0.440625 0.0421875 0.14140625
0 0.1328125 0.6625 0.125 0.125
0 0.74140625 0.39140625 0.0578125 0.04453125
0 0.84921875 0.51796875 0.0890625 0.06953125
0 0.31171875 0.9015625 0.1796875 0.196875
0 0.53125 0.646875 0.140625 0.11640625
0 0.66484375 0.47109375 0.0671875 0.05859375
0 0.8125 0.6875 0.128125 0.11953125
1 0.07109375 0.94140625 0.0828125 0.11640625
1 0.29140625 0.553125 0.0734375 0.228125
1 0.325 0.8109375 0.084375 0.378125
1 0.5890625 0.640625 0.090625 0.34140625
1 0.396875 0.54453125 0.053125 0.16640625
1 0.42265625 0.475 0.0328125 0.1390625
1 0.37109375 0.4234375 0.0515625 0.09140625
1 0.6015625 0.3515625 0.034375 0.146875
1 0.7 0.428125 0.0625 0.19453125
1 0.753125 0.39296875 0.05 0.19140625
1 0.6953125 0.3125 0.04375 0.103125
1 0.6265625 0.515625 0.0625 0.2359375
1 0.8375 0.67890625 0.09375 0.2859375
1 0.7765625 0.921875 0.11875 0.15546875
1 0.8890625 0.421875 0.034375 0.13359375
1 0.83828125 0.4875 0.0546875 0.1859375
