0 0.64765625 0.5109375 0.0921875 0.15546875
0 0.56640625 0.5859375 0.0859375 0.09453125
1 0.90859375 0.38359375 0.0359375 0.09453125
0 0.340625 0.85546875 0.175 0.19453125
0 0.346875 0.5109375 0.11875 0.0890625
0 0.83671875 0.55 0.0953125 0.078125
0 0.715625 0.39140625 0.071875 0.04453125
0 0.58203125 0.3625 0.0703125 0.04140625
0 0.81171875 0.7234375 0.1328125 0.1359375
0 0.10546875 0.69453125 0.1171875 0.1390625
0 0.9015625 0.39453125 0.05 0.03359375
0 0.4859375 0.4140625 0.1 0.0609375
1 0.51640625 0.4125 0.0546875 0.203125
1 0.534375 0.6484375 0.1375 0.26953125
1 0.67890625 0.7609375 0.1734375 0.478125
0 0.85703125 0.440625 0.0703125 0.046875
1 0.5828125 0.57890625 0.065625 0.246875
1 0.60390625 0.35546875 0.0453125 0.1609375
1 0.85234375 0.45703125 0.0515625 0.14140625
1 0.053125 0.74609375 0.103125 0.2859375
