0 0.5671875 0.584375 0.0875 0.09140625
1 0.05390625 0.74453125 0.1046875 0.29453125
1 0.58515625 0.5734375 0.0703125 0.246875
1 0.534375 0.6515625 0.1375 0.28046875
1 0.40078125 0.59609375 0.0921875 0.39140625
0 0.340625 0.853125 0.175 0.1890625
0 0.81171875 0.72109375 0.1328125 0.13046875
0 0.90078125 0.39296875 0.0515625 0.0359375
0 0.85703125 0.44140625 0.0703125 0.04453125
0 0.8359375 0.5484375 0.09375 0.075
0 0.65 0.46640625 0.09375 0.0609375
0 0.4859375 0.415625 0.096875 0.05859375
0 0.33359375 0.509375 0.0859375 0.08046875
0 0.10234375 0.690625 0.1234375 0.13046875
0 0.58359375 0.35546875 0.0671875 0.04453125
1 0.5171875 0.4 0.05625 0.178125
1 0.6109375 0.35859375 0.034375 0.15
1 0.85 0.453125 0.046875 0.13359375
1 0.90703125 0.378125 0.0296875 0.10546875
0 0.7109375 0.9875 0.13125 0.025
0 0.7140625 0.39296875 0.071875 0.04140625
