0 0.3453125 0.509375 0.11875 0.08046875
1 0.63046875 0.44609375 0.0640625 0.2140625
1 0.73984375 0.3875 0.0390625 0.175
1 0.78046875 0.81640625 0.1046875 0.2890625
1 0.85859375 0.50390625 0.0640625 0.1859375
0 0.8890625 0.38359375 0.05 0.0390625
0 0.86796875 0.43046875 0.0640625 0.04453125
0 0.84921875 0.5265625 0.0890625 0.06953125
0 0.7953125 0.7515625 0.14375 0.1359375
0 0.08671875 0.7 0.1203125 0.128125
0 0.721875 0.39140625 0.071875 0.0390625
0 0.29609375 0.896875 0.1796875 0.19453125
1 0.60859375 0.340625 0.0390625 0.1140625
0 0.578125 0.35 0.071875 0.03359375
0 0.4859375 0.4125 0.096875 0.053125
0 0.64921875 0.478125 0.0921875 0.0609375
0 0.51796875 0.62890625 0.1359375 0.10859375
