0 0.73515625 0.37890625 0.0578125 0.0359375
0 0.56171875 0.578125 0.1234375 0.09453125
0 0.85390625 0.50390625 0.0796875 0.0640625
0 0.5078125 0.4015625 0.096875 0.053125
1 0.74765625 0.384375 0.0359375 0.1640625
1 0.65390625 0.32109375 0.0296875 0.19140625
1 0.6859375 0.49296875 0.071875 0.225
1 0.6984375 0.43203125 0.065625 0.15859375
1 0.39453125 0.82109375 0.1265625 0.325
1 0.259375 0.86640625 0.125 0.26640625
0 0.8734375 0.4140625 0.059375 0.0390625
0 0.79765625 0.6859375 0.1296875 0.128125
0 0.1203125 0.67109375 0.125 0.125
0 0.3484375 0.50859375 0.11875 0.078125
1 0.0890625 0.925 0.09375 0.15
1 0.028125 0.8828125 0.05625 0.234375
0 0.58359375 0.3484375 0.0671875 0.0359375
0 0.65078125 0.4515625 0.0578125 0.046875
0 0.3296875 0.8359375 0.16875 0.178125
