0 0.21640625 0.44140625 0.0640625 0.05
1 0.56171875 0.4125 0.0359375 0.2359375
1 0.265625 0.428125 0.06875 0.19453125
1 0.15 0.7859375 0.09375 0.371875
1 0.07578125 0.634375 0.0671875 0.2359375
0 0.31953125 0.9140625 0.1640625 0.171875
0 0.38203125 0.634375 0.1203125 0.103125
0 0.4171875 0.428125 0.08125 0.05
0 0.43515625 0.35546875 0.0640625 0.0390625
0 0.33046875 0.35546875 0.0640625 0.03359375
0 0.1921875 0.615625 0.096875 0.0859375
0 0.0984375 0.8265625 0.109375 0.1359375
0 0.09375 0.57890625 0.053125 0.0640625
1 0.48984375 0.384375 0.0359375 0.25859375
1 0.52578125 0.44140625 0.0609375 0.271875
1 0.421875 0.4359375 0.046875 0.2
