0 0.50859375 0.4015625 0.0921875 0.053125
1 0.68671875 0.49609375 0.0703125 0.225
1 0.39453125 0.825 0.1265625 0.328125
1 0.25859375 0.86640625 0.1265625 0.26640625
1 0.08828125 0.925 0.0921875 0.15
1 0.034375 0.8875 0.06875 0.225
0 0.32890625 0.840625 0.1734375 0.1859375
1 0.65859375 0.32109375 0.0234375 0.19140625
1 0.7453125 0.38046875 0.0375 0.1609375
0 0.11953125 0.67109375 0.1265625 0.125
0 0.87109375 0.4125 0.0578125 0.0359375
0 0.65 0.453125 0.05625 0.05546875
0 0.7375 0.37890625 0.05625 0.0359375
0 0.853125 0.5 0.084375 0.0609375
0 0.58359375 0.34453125 0.0671875 0.03359375
0 0.5609375 0.57890625 0.121875 0.09140625
0 0.79765625 0.6859375 0.1296875 0.121875
0 0.3484375 0.509375 0.11875 0.08046875
