0 0.4125 0.421875 0.08125 0.04453125
0 0.3765625 0.60703125 0.1125 0.09140625
1 0.1296875 0.778125 0.103125 0.278125
0 0.3328125 0.9125 0.1625 0.175
0 0.24609375 0.421875 0.0671875 0.0390625
0 0.4515625 0.353125 0.065625 0.03359375
1 0.28359375 0.42890625 0.0578125 0.1859375
0 0.109375 0.83359375 0.109375 0.128125
0 0.1015625 0.565625 0.078125 0.06953125
0 0.2203125 0.6125 0.1 0.09140625
1 0.55078125 0.28359375 0.0296875 0.171875
1 0.33359375 0.35859375 0.0328125 0.14453125
1 0.34609375 0.7640625 0.0953125 0.14453125
1 0.3546875 0.3890625 0.05 0.1609375
