0 0.33515625 0.515625 0.0921875 0.0640625
1 0.459375 0.45 0.05 0.20546875
1 0.70078125 0.42109375 0.0421875 0.19140625
0 0.30859375 0.90234375 0.1796875 0.1953125
1 0.7484375 0.39140625 0.046875 0.1890625
1 0.7671875 0.43046875 0.078125 0.18359375
1 0.63125 0.5375 0.0875 0.23046875
1 0.8921875 0.36640625 0.03125 0.1
1 0.83671875 0.490625 0.0515625 0.1859375
1 0.83984375 0.59296875 0.0828125 0.15859375
1 0.7703125 0.9265625 0.121875 0.146875
0 0.81171875 0.6859375 0.1265625 0.1109375
0 0.8484375 0.521875 0.090625 0.0609375
0 0.87890625 0.440625 0.0453125 0.04140625
0 0.8921875 0.37890625 0.0375 0.025
0 0.53359375 0.63203125 0.1359375 0.103125
0 0.67734375 0.48359375 0.0703125 0.06640625
0 0.73984375 0.3984375 0.0578125 0.03046875
0 0.58046875 0.35 0.0765625 0.03359375
0 0.5015625 0.409375 0.078125 0.05859375
0 0.13203125 0.65859375 0.1234375 0.121875
1 0.29296875 0.5484375 0.0734375 0.25859375
1 0.371875 0.4359375 0.075 0.08359375
1 0.42734375 0.47890625 0.0359375 0.15859375
1 0.38828125 0.5625 0.0546875 0.253125
1 0.82109375 0.353125 0.0296875 0.19453125
