1 0.4265625 0.47890625 0.034375 0.1359375
1 0.39921875 0.53046875 0.0578125 0.19453125
1 0.45390625 0.446875 0.0609375 0.20546875
1 0.603125 0.221875 0.021875 0.05546875
1 0.70078125 0.41953125 0.0453125 0.19453125
1 0.7484375 0.39140625 0.046875 0.171875
1 0.76796875 0.43359375 0.0765625 0.1890625
1 0.8953125 0.37109375 0.0375 0.103125
1 0.83828125 0.65 0.0828125 0.25546875
1 0.77109375 0.934375 0.1234375 0.13046875
0 0.89453125 0.38046875 0.0453125 0.021875
0 0.8796875 0.4375 0.04375 0.04140625
1 0.8375 0.45390625 0.05625 0.1140625
0 0.8484375 0.525 0.0875 0.071875
0 0.815625 0.69453125 0.13125 0.128125
0 0.534375 0.63359375 0.134375 0.1109375
0 0.675 0.4875 0.06875 0.0640625
0 0.734375 0.3984375 0.05 0.03046875
0 0.58203125 0.346875 0.0734375 0.03359375
0 0.4984375 0.409375 0.078125 0.053125
0 0.33671875 0.515625 0.0890625 0.06953125
0 0.134375 0.6609375 0.121875 0.121875
1 0.28515625 0.55546875 0.0859375 0.25546875
0 0.30703125 0.9015625 0.1796875 0.196875
1 0.36640625 0.4359375 0.0640625 0.1
