0 0.38046875 0.63203125 0.1171875 0.103125
0 0.41796875 0.428125 0.0796875 0.04453125
0 0.434375 0.35390625 0.065625 0.0359375
0 0.32734375 0.35703125 0.0578125 0.0359375
0 0.2171875 0.4484375 0.06875 0.046875
1 0.0359375 0.40546875 0.01875 0.09453125
0 0.1921875 0.615625 0.1 0.075
0 0.0953125 0.5765625 0.05 0.05859375
1 0.54453125 0.3390625 0.0453125 0.071875
1 0.54296875 0.421875 0.0390625 0.28359375
1 0.4203125 0.440625 0.040625 0.1640625
1 0.4265625 0.31640625 0.04375 0.071875
1 0.271875 0.440625 0.075 0.196875
1 0.14296875 0.7390625 0.0828125 0.328125
1 0.07109375 0.640625 0.0609375 0.21953125
0 0.3203125 0.909375 0.165625 0.18046875
0 0.096875 0.83359375 0.10625 0.1390625
