1 0.58828125 0.64296875 0.0921875 0.34140625
1 0.08984375 0.6984375 0.1109375 0.296875
1 0.32265625 0.825 0.1078125 0.328125
1 0.28984375 0.55390625 0.0765625 0.24140625
1 0.390625 0.559375 0.065625 0.203125
1 0.37421875 0.440625 0.0671875 0.11953125
1 0.43046875 0.4859375 0.0328125 0.15
1 0.4609375 0.4515625 0.059375 0.203125
1 0.6265625 0.51640625 0.0625 0.23359375
1 0.70234375 0.4265625 0.0578125 0.196875
1 0.7453125 0.396875 0.053125 0.1890625
1 0.8703125 0.434375 0.040625 0.14140625
1 0.89296875 0.39140625 0.0296875 0.071875
1 0.89453125 0.34453125 0.0265625 0.0890625
1 0.840625 0.4890625 0.05625 0.1890625
1 0.83671875 0.65703125 0.0890625 0.2359375
1 0.77734375 0.9203125 0.1234375 0.159375
1 0.06875 0.95234375 0.08125 0.0953125
0 0.31015625 0.90234375 0.1796875 0.1953125
0 0.53046875 0.65 0.1359375 0.1109375
0 0.5 0.40859375 0.08125 0.05546875
0 0.35078125 0.50859375 0.1109375 0.08359375
0 0.584375 0.35 0.075 0.03359375
0 0.66484375 0.47109375 0.0703125 0.05859375
0 0.74375 0.3984375 0.053125 0.03046875
0 0.81484375 0.6890625 0.1328125 0.11640625
0 0.84921875 0.5234375 0.0890625 0.05859375
0 0.13359375 0.6609375 0.1234375 0.121875
