0 0.19296875 0.6125 0.0953125 0.09140625
0 0.3296875 0.3609375 0.05625 0.04453125
0 0.4171875 0.4265625 0.08125 0.04140625
0 0.43671875 0.3515625 0.0640625 0.0359375
1 0.275 0.43203125 0.071875 0.203125
1 0.42421875 0.31796875 0.0453125 0.06953125
1 0.5703125 0.7234375 0.115625 0.3859375
0 0.0984375 0.8390625 0.10625 0.13359375
0 0.38046875 0.634375 0.1171875 0.10859375
1 0.07421875 0.6390625 0.0671875 0.228125
1 0.1515625 0.784375 0.0875 0.3640625
0 0.31953125 0.9109375 0.1640625 0.178125
1 0.425 0.43046875 0.040625 0.178125
0 0.09375 0.575 0.05 0.0609375
0 0.2171875 0.4390625 0.065625 0.04453125
