1 0.609375 0.3625 0.046875 0.1640625
1 0.75078125 0.90234375 0.1328125 0.1953125
0 0.90546875 0.4 0.0484375 0.0390625
0 0.340625 0.85390625 0.175 0.1859375
1 0.578125 0.565625 0.09375 0.26953125
0 0.8109375 0.721875 0.134375 0.13359375
0 0.8359375 0.546875 0.09375 0.071875
0 0.85703125 0.44296875 0.0703125 0.046875
0 0.71328125 0.3890625 0.0703125 0.0390625
1 0.52265625 0.66953125 0.1015625 0.3390625
1 0.52578125 0.415625 0.0484375 0.21953125
1 0.48203125 0.515625 0.0546875 0.303125
1 0.053125 0.74453125 0.103125 0.3
0 0.5796875 0.35546875 0.075 0.028125
0 0.66484375 0.46640625 0.0640625 0.05546875
0 0.4859375 0.4125 0.096875 0.053125
0 0.3484375 0.50859375 0.115625 0.08359375
0 0.103125 0.690625 0.121875 0.13046875
0 0.5625 0.596875 0.090625 0.078125
1 0.62265625 0.6015625 0.0765625 0.3359375
