0 0.83671875 0.5484375 0.0953125 0.06953125
1 0.6171875 0.3609375 0.05 0.1609375
0 0.903125 0.4015625 0.05 0.0359375
0 0.59765625 0.353125 0.0765625 0.03359375
0 0.54921875 0.5890625 0.1265625 0.1
0 0.85703125 0.44296875 0.0703125 0.046875
0 0.8109375 0.7234375 0.13125 0.13046875
0 0.33984375 0.85390625 0.1765625 0.19140625
1 0.0546875 0.7390625 0.1 0.2890625
0 0.70859375 0.390625 0.0640625 0.0359375
0 0.4859375 0.4140625 0.103125 0.05546875
0 0.10546875 0.6890625 0.1203125 0.128125
1 0.3890625 0.503125 0.0625 0.23359375
0 0.34765625 0.50703125 0.1171875 0.075
0 0.646875 0.46640625 0.09375 0.05546875
1 0.5296875 0.4109375 0.059375 0.21640625
1 0.825 0.69140625 0.08125 0.3390625
