1 0.76953125 0.821875 0.0984375 0.30546875
1 0.2953125 0.53046875 0.09375 0.21640625
0 0.57890625 0.3515625 0.0703125 0.0359375
0 0.79375 0.75390625 0.140625 0.14140625
0 0.85 0.53046875 0.090625 0.071875
0 0.8890625 0.384375 0.046875 0.046875
0 0.8703125 0.43046875 0.06875 0.05546875
0 0.7203125 0.39140625 0.06875 0.04453125
0 0.65 0.4765625 0.096875 0.0640625
0 0.5171875 0.63046875 0.134375 0.1109375
0 0.484375 0.41796875 0.096875 0.0640625
0 0.34609375 0.5125 0.1171875 0.0859375
0 0.0875 0.6984375 0.121875 0.13046875
1 0.38828125 0.5140625 0.0578125 0.26640625
1 0.02734375 0.96640625 0.0546875 0.06640625
0 0.2953125 0.896875 0.178125 0.20546875
