0 0.33984375 0.85390625 0.1734375 0.19140625
0 0.5625 0.590625 0.096875 0.096875
1 0.6046875 0.35546875 0.04375 0.1609375
0 0.64765625 0.46640625 0.0953125 0.0609375
1 0.9046875 0.3984375 0.034375 0.11953125
1 0.51796875 0.40546875 0.0546875 0.1890625
0 0.346875 0.50859375 0.115625 0.08359375
0 0.103125 0.690625 0.125 0.1359375
0 0.48515625 0.4125 0.0953125 0.0640625
1 0.53515625 0.646875 0.1421875 0.278125
1 0.84921875 0.453125 0.0515625 0.1390625
0 0.85625 0.4515625 0.06875 0.0640625
1 0.5828125 0.571875 0.06875 0.2390625
1 0.05390625 0.74296875 0.1078125 0.2859375
0 0.81171875 0.721875 0.1328125 0.13359375
0 0.83671875 0.5484375 0.0953125 0.075
0 0.9046875 0.3984375 0.05 0.046875
0 0.71484375 0.3890625 0.0703125 0.0390625
0 0.5875 0.353125 0.075 0.0390625
