0 0.09921875 0.56796875 0.0765625 0.06953125
1 0.25 0.6140625 0.078125 0.23359375
1 0.115625 0.55859375 0.053125 0.2109375
1 0.27109375 0.415625 0.0421875 0.146875
1 0.365625 0.446875 0.059375 0.19453125
1 0.415625 0.4265625 0.053125 0.175
1 0.32890625 0.7234375 0.0890625 0.23046875
1 0.73671875 0.6375 0.0703125 0.34140625
0 0.00390625 0.7140625 0.0078125 0.05546875
0 0.2484375 0.41953125 0.06875 0.04453125
0 0.10859375 0.821875 0.1109375 0.14453125
0 0.33203125 0.909375 0.1609375 0.18046875
0 0.39296875 0.60546875 0.1140625 0.0890625
0 0.4125 0.421875 0.075 0.05
0 0.44453125 0.35 0.0609375 0.03359375
0 0.228125 0.6390625 0.10625 0.09453125
1 0.45390625 0.346875 0.0328125 0.15
