0 0.56640625 0.59453125 0.1265625 0.09453125
0 0.89296875 0.3859375 0.0484375 0.028125
0 0.85 0.525 0.090625 0.0609375
0 0.7421875 0.396875 0.053125 0.03359375
0 0.66953125 0.471875 0.0953125 0.05546875
0 0.128125 0.6625 0.115625 0.1140625
0 0.3515625 0.509375 0.109375 0.075
0 0.5 0.40703125 0.08125 0.053125
0 0.5859375 0.34609375 0.06875 0.03046875
0 0.81328125 0.6890625 0.1296875 0.11640625
0 0.87734375 0.434375 0.0515625 0.0359375
1 0.175 0.6 0.08125 0.23359375
1 0.29375 0.55703125 0.06875 0.2859375
1 0.38828125 0.5640625 0.0640625 0.2109375
1 0.4265625 0.4765625 0.040625 0.13046875
1 0.38203125 0.4359375 0.0703125 0.10546875
1 0.74453125 0.390625 0.0515625 0.1859375
1 0.7671875 0.4359375 0.08125 0.18359375
1 0.8375 0.4484375 0.05625 0.096875
1 0.8390625 0.65859375 0.071875 0.2609375
1 0.79296875 0.89296875 0.1078125 0.2140625
1 0.4640625 0.4375 0.053125 0.16953125
1 0.70234375 0.428125 0.0515625 0.20546875
0 0.30625 0.9015625 0.18125 0.196875
1 0.0140625 0.9375 0.028125 0.125
1 0.08203125 0.9265625 0.0921875 0.146875
1 0.05625 0.74140625 0.10625 0.34453125
1 0.19453125 0.70859375 0.0796875 0.2890625
