0 0.5171875 0.628125 0.134375 0.1109375
0 0.0859375 0.6984375 0.121875 0.125
0 0.29609375 0.89296875 0.1796875 0.196875
0 0.48515625 0.415625 0.0984375 0.053125
1 0.740625 0.38046875 0.0375 0.16640625
0 0.58203125 0.3484375 0.0703125 0.0359375
0 0.79609375 0.7515625 0.1421875 0.1359375
0 0.6515625 0.4765625 0.096875 0.05859375
0 0.72109375 0.390625 0.0734375 0.04140625
0 0.88984375 0.38046875 0.0484375 0.03359375
0 0.86796875 0.428125 0.0609375 0.0390625
0 0.85 0.528125 0.090625 0.06640625
0 0.34609375 0.509375 0.1203125 0.075
1 0.78203125 0.81953125 0.1046875 0.2890625
1 0.859375 0.50703125 0.065625 0.19140625
1 0.603125 0.346875 0.05 0.1390625
1 0.475 0.47890625 0.059375 0.296875
1 0.40234375 0.4984375 0.0609375 0.2640625
1 0.33515625 0.521875 0.0765625 0.4
