0 0.58671875 0.3484375 0.0671875 0.03046875
0 0.5015625 0.40859375 0.078125 0.05546875
0 0.740625 0.396875 0.053125 0.03359375
0 0.67890625 0.4859375 0.0734375 0.0609375
0 0.5328125 0.63359375 0.1375 0.1
0 0.81328125 0.6875 0.1265625 0.10859375
0 0.8796875 0.43359375 0.046875 0.04453125
0 0.13515625 0.65859375 0.1234375 0.128125
0 0.890625 0.38203125 0.04375 0.025
0 0.3453125 0.51640625 0.090625 0.05546875
0 0.30625 0.9015625 0.18125 0.196875
1 0.2921875 0.553125 0.06875 0.25546875
1 0.36953125 0.43359375 0.0609375 0.08359375
1 0.421875 0.484375 0.0375 0.16953125
1 0.3859375 0.56953125 0.065625 0.23359375
1 0.45703125 0.4484375 0.0578125 0.20859375
1 0.60703125 0.22890625 0.0234375 0.05859375
1 0.64453125 0.32109375 0.0265625 0.19140625
1 0.6328125 0.5359375 0.084375 0.228125
1 0.7015625 0.40390625 0.046875 0.153125
1 0.74921875 0.39453125 0.0453125 0.171875
1 0.76640625 0.43203125 0.0796875 0.1859375
1 0.89375 0.36796875 0.03125 0.10859375
1 0.8375 0.49140625 0.05625 0.1890625
0 0.84765625 0.5234375 0.0890625 0.0640625
1 0.76875 0.93046875 0.128125 0.1390625
1 0.84140625 0.65859375 0.0828125 0.28359375
