0 0.0859375 0.6984375 0.11875 0.125
0 0.3453125 0.50859375 0.11875 0.078125
0 0.48515625 0.4140625 0.0984375 0.05
0 0.57890625 0.3515625 0.0734375 0.03046875
0 0.65078125 0.475 0.0953125 0.0609375
0 0.721875 0.39140625 0.071875 0.0390625
0 0.85 0.528125 0.090625 0.06640625
1 0.63515625 0.4484375 0.0734375 0.225
1 0.73984375 0.3859375 0.0390625 0.171875
1 0.85859375 0.50703125 0.0640625 0.18046875
0 0.8890625 0.38046875 0.05 0.03359375
0 0.8671875 0.42890625 0.0625 0.04140625
0 0.7953125 0.753125 0.140625 0.1390625
1 0.78046875 0.80546875 0.1046875 0.26640625
0 0.5171875 0.62890625 0.134375 0.10859375
0 0.2953125 0.8984375 0.178125 0.196875
1 0.61015625 0.34140625 0.0359375 0.11640625
