1 0.7671875 0.43359375 0.078125 0.1890625
1 0.89296875 0.359375 0.0328125 0.1140625
1 0.84140625 0.65390625 0.0828125 0.28046875
1 0.775 0.9234375 0.125 0.153125
0 0.73984375 0.39609375 0.0578125 0.04140625
0 0.88828125 0.3765625 0.0515625 0.03046875
0 0.6734375 0.484375 0.078125 0.05859375
0 0.5359375 0.63203125 0.1375 0.10859375
0 0.1328125 0.6609375 0.125 0.121875
0 0.50078125 0.409375 0.0796875 0.05859375
0 0.58125 0.3484375 0.075 0.0359375
0 0.8734375 0.4359375 0.053125 0.04453125
0 0.84921875 0.521875 0.0890625 0.06640625
1 0.4578125 0.4390625 0.05625 0.171875
1 0.63359375 0.5359375 0.0859375 0.228125
1 0.7046875 0.41796875 0.053125 0.1859375
1 0.74296875 0.37890625 0.0515625 0.14140625
1 0.29296875 0.55 0.0796875 0.25546875
1 0.37734375 0.50703125 0.0796875 0.2359375
1 0.42109375 0.50859375 0.0515625 0.16640625
0 0.30703125 0.90234375 0.1828125 0.1953125
0 0.3375 0.509375 0.09375 0.06953125
1 0.8375 0.49296875 0.05625 0.19140625
0 0.8125 0.69296875 0.128125 0.11953125
