0 0.3546875 0.50703125 0.103125 0.08046875
0 0.12734375 0.6640625 0.1109375 0.121875
0 0.584375 0.3515625 0.06875 0.03046875
0 0.81328125 0.6875 0.1265625 0.11953125
1 0.4640625 0.446875 0.053125 0.19453125
1 0.8375 0.45859375 0.05625 0.121875
1 0.8359375 0.68359375 0.078125 0.2609375
1 0.371875 0.490625 0.084375 0.21953125
1 0.43671875 0.51796875 0.0515625 0.175
1 0.38359375 0.565625 0.0515625 0.203125
1 0.29453125 0.5625 0.0703125 0.275
1 0.19296875 0.703125 0.0921875 0.2609375
1 0.175 0.553125 0.08125 0.1390625
1 0.0578125 0.7375 0.109375 0.35859375
1 0.08125 0.921875 0.090625 0.15546875
0 0.30625 0.90234375 0.18125 0.1953125
0 0.5671875 0.59609375 0.128125 0.096875
0 0.4984375 0.4109375 0.084375 0.05
0 0.8796875 0.4359375 0.046875 0.0390625
0 0.84921875 0.52109375 0.0890625 0.0640625
0 0.73359375 0.39453125 0.0765625 0.0390625
0 0.6703125 0.4765625 0.09375 0.05859375
0 0.89296875 0.38359375 0.0609375 0.021875
