0 0.3515625 0.5140625 0.103125 0.078125
0 0.48515625 0.415625 0.0953125 0.05859375
0 0.7203125 0.396875 0.065625 0.05
0 0.79453125 0.753125 0.1453125 0.15
0 0.2953125 0.8984375 0.178125 0.203125
1 0.028125 0.9625 0.05625 0.075
0 0.88984375 0.37890625 0.0515625 0.0359375
1 0.29609375 0.528125 0.0921875 0.2109375
1 0.3796875 0.515625 0.06875 0.2640625
0 0.8671875 0.43203125 0.0625 0.046875
0 0.8484375 0.52890625 0.0875 0.06953125
0 0.65 0.4765625 0.09375 0.05859375
0 0.08671875 0.7 0.1203125 0.13359375
0 0.5171875 0.63203125 0.134375 0.11953125
0 0.5828125 0.35390625 0.0625 0.0359375
1 0.77578125 0.81953125 0.0984375 0.3
