0 0.33515625 0.3640625 0.0515625 0.028125
0 0.21953125 0.6140625 0.1015625 0.0890625
0 0.3765625 0.60859375 0.1125 0.09453125
1 0.1296875 0.77890625 0.103125 0.275
1 0.34609375 0.759375 0.0953125 0.153125
1 0.2859375 0.425 0.05625 0.19453125
1 0.334375 0.3515625 0.040625 0.1359375
1 0.3609375 0.3875 0.046875 0.15859375
0 0.45078125 0.35546875 0.0671875 0.03359375
0 0.2453125 0.41953125 0.06875 0.0390625
0 0.103125 0.5640625 0.08125 0.071875
0 0.3328125 0.9109375 0.1625 0.178125
0 0.109375 0.8265625 0.1125 0.1359375
0 0.41171875 0.4234375 0.0796875 0.046875
