0 0.24453125 0.42109375 0.0671875 0.04140625
0 0.33203125 0.9109375 0.1609375 0.178125
1 0.1296875 0.778125 0.103125 0.28359375
0 0.11015625 0.828125 0.1109375 0.13359375
0 0.41171875 0.421875 0.0796875 0.04453125
0 0.334375 0.3609375 0.05 0.028125
0 0.4484375 0.35390625 0.0625 0.0359375
1 0.36171875 0.384375 0.0515625 0.16953125
1 0.2859375 0.425 0.053125 0.19453125
1 0.346875 0.7609375 0.09375 0.15546875
0 0.21953125 0.6125 0.0984375 0.0859375
0 0.10078125 0.565625 0.0765625 0.06953125
1 0.340625 0.34296875 0.046875 0.13046875
0 0.375 0.60546875 0.1125 0.0890625
