0 0.56640625 0.5875 0.0890625 0.09140625
0 0.6609375 0.465625 0.06875 0.05859375
0 0.34765625 0.50703125 0.1171875 0.075
0 0.48515625 0.415625 0.1015625 0.053125
0 0.58203125 0.35703125 0.0671875 0.0359375
0 0.7140625 0.390625 0.071875 0.04140625
1 0.75078125 0.90234375 0.1296875 0.1953125
0 0.85703125 0.44296875 0.0703125 0.046875
0 0.8359375 0.546875 0.096875 0.071875
0 0.10390625 0.6875 0.1203125 0.13046875
0 0.8125 0.7234375 0.13125 0.13046875
0 0.9046875 0.40859375 0.05 0.05546875
1 0.053125 0.74609375 0.103125 0.29140625
1 0.4828125 0.5140625 0.059375 0.29453125
1 0.521875 0.67109375 0.1 0.33046875
1 0.5265625 0.415625 0.05 0.225
1 0.6203125 0.603125 0.08125 0.33359375
1 0.6109375 0.3625 0.05 0.16953125
0 0.340625 0.853125 0.175 0.1890625
1 0.58984375 0.5625 0.0671875 0.2640625
