1 0.075 0.634375 0.065625 0.23046875
0 0.31875 0.9140625 0.165625 0.171875
0 0.38125 0.63359375 0.11875 0.1
0 0.41015625 0.425 0.0703125 0.05
0 0.428125 0.35546875 0.05 0.03359375
0 0.32734375 0.35703125 0.0578125 0.0359375
0 0.22109375 0.4375 0.0734375 0.053125
0 0.19375 0.615625 0.096875 0.0859375
0 0.09453125 0.5765625 0.0515625 0.0640625
0 0.09921875 0.8265625 0.1109375 0.1359375
1 0.54140625 0.45859375 0.0546875 0.25546875
1 0.5796875 0.3625 0.0375 0.08046875
1 0.4671875 0.49140625 0.0625 0.31640625
1 0.421875 0.42890625 0.040625 0.1859375
1 0.26875 0.4359375 0.065625 0.1890625
1 0.14921875 0.7859375 0.0921875 0.36640625
