0 0.5828125 0.3515625 0.071875 0.0359375
0 0.71484375 0.390625 0.0734375 0.04140625
0 0.90546875 0.4015625 0.0484375 0.0359375
0 0.85859375 0.44296875 0.0703125 0.046875
1 0.48671875 0.5109375 0.0578125 0.2890625
0 0.48671875 0.4109375 0.1015625 0.05
0 0.34765625 0.50546875 0.1171875 0.078125
0 0.64921875 0.4609375 0.0890625 0.05546875
0 0.103125 0.690625 0.121875 0.13046875
1 0.053125 0.74453125 0.103125 0.2890625
0 0.8359375 0.54609375 0.09375 0.06953125
0 0.8125 0.72109375 0.134375 0.13046875
0 0.33984375 0.853125 0.1765625 0.1890625
0 0.56171875 0.5890625 0.0796875 0.0890625
1 0.52109375 0.66640625 0.0984375 0.3390625
1 0.596875 0.5640625 0.065625 0.25
1 0.74921875 0.91953125 0.1328125 0.1609375
1 0.6546875 0.6234375 0.078125 0.36953125
1 0.525 0.4109375 0.05 0.221875
1 0.61015625 0.3609375 0.0484375 0.16640625
