0 0.671875 0.4765625 0.09375 0.05859375
0 0.725 0.390625 0.071875 0.0359375
0 0.875 0.4359375 0.065625 0.04453125
1 0.60234375 0.20859375 0.0203125 0.06640625
1 0.8765625 0.43046875 0.05 0.178125
0 0.86796875 0.546875 0.0921875 0.071875
0 0.5765625 0.35 0.078125 0.03359375
1 0.0375 0.94453125 0.075 0.1109375
0 0.23984375 0.9203125 0.1796875 0.159375
0 0.1078125 0.68046875 0.121875 0.128125
0 0.325 0.5265625 0.10625 0.0859375
0 0.52265625 0.6390625 0.1234375 0.1109375
0 0.490625 0.4125 0.096875 0.053125
1 0.51875 0.41796875 0.05 0.2140625
1 0.2625 0.578125 0.075 0.2609375
0 0.79453125 0.7734375 0.1546875 0.146875
1 0.45 0.69609375 0.096875 0.303125
