1 0.36328125 0.3765625 0.0515625 0.225
1 0.47734375 0.609375 0.0765625 0.39140625
0 0.21796875 0.44140625 0.0703125 0.04453125
0 0.1921875 0.615625 0.096875 0.09140625
0 0.09375 0.578125 0.053125 0.0609375
0 0.096875 0.8375 0.109375 0.14140625
1 0.14921875 0.7859375 0.0890625 0.371875
1 0.53359375 0.32890625 0.0359375 0.196875
1 0.42265625 0.4359375 0.0484375 0.20546875
0 0.4375 0.35546875 0.065625 0.03359375
1 0.075 0.6359375 0.065625 0.228125
1 0.27734375 0.4390625 0.0734375 0.20546875
0 0.3203125 0.9140625 0.1625 0.171875
0 0.38125 0.6359375 0.11875 0.10546875
0 0.32265625 0.35859375 0.0515625 0.03359375
0 0.41796875 0.428125 0.0828125 0.05
