1 0.43984375 0.51953125 0.0546875 0.16640625
1 0.38125 0.56953125 0.071875 0.21640625
1 0.29375 0.5625 0.071875 0.275
1 0.2015625 0.696875 0.090625 0.278125
1 0.175 0.55 0.08125 0.128125
1 0.05703125 0.74140625 0.1078125 0.35546875
1 0.08125 0.91953125 0.103125 0.1609375
0 0.84921875 0.525 0.0890625 0.06640625
0 0.7328125 0.39609375 0.075 0.04140625
0 0.30625 0.9015625 0.18125 0.196875
1 0.8375 0.47890625 0.05625 0.1640625
1 0.8390625 0.66796875 0.071875 0.2859375
0 0.89609375 0.38203125 0.0390625 0.01953125
0 0.56640625 0.59453125 0.1265625 0.09453125
1 0.46484375 0.4515625 0.0484375 0.196875
0 0.50234375 0.40859375 0.0765625 0.05546875
1 0.36640625 0.5140625 0.0796875 0.221875
0 0.1296875 0.659375 0.115625 0.11953125
0 0.584375 0.3484375 0.06875 0.0359375
0 0.8125 0.69296875 0.128125 0.125
0 0.8796875 0.434375 0.05 0.04140625
0 0.66953125 0.4734375 0.0921875 0.053125
0 0.35078125 0.50859375 0.1078125 0.078125
