1 0.8609375 0.375 0.04375 0.08359375
1 0.29375 0.5484375 0.078125 0.26953125
0 0.33828125 0.5109375 0.1078125 0.071875
0 0.08671875 0.69609375 0.1234375 0.125
0 0.29375 0.89453125 0.178125 0.2
0 0.515625 0.63046875 0.134375 0.1109375
1 0.390625 0.4984375 0.059375 0.2359375
0 0.4859375 0.4140625 0.096875 0.05546875
0 0.79453125 0.75 0.1421875 0.13359375
0 0.85 0.525 0.0875 0.06640625
0 0.89609375 0.38359375 0.0390625 0.0390625
0 0.71796875 0.39453125 0.0734375 0.04453125
0 0.65078125 0.471875 0.0953125 0.05546875
0 0.57890625 0.3484375 0.0734375 0.03046875
1 0.846875 0.43359375 0.046875 0.13359375
1 0.77890625 0.825 0.1140625 0.3
