1 0.878125 0.384375 0.046875 0.075
1 0.26328125 0.5734375 0.0734375 0.25859375
1 0.42890625 0.7015625 0.1296875 0.303125
0 0.725 0.39296875 0.071875 0.0359375
0 0.58125 0.3515625 0.06875 0.03046875
0 0.67109375 0.4765625 0.0921875 0.05859375
1 0.51953125 0.40859375 0.0578125 0.19453125
0 0.490625 0.4125 0.096875 0.053125
0 0.32578125 0.52890625 0.1109375 0.0859375
0 0.10859375 0.684375 0.1234375 0.125
0 0.87734375 0.43203125 0.0671875 0.04140625
0 0.86796875 0.54296875 0.0921875 0.06953125
0 0.79765625 0.7734375 0.1453125 0.146875
0 0.51640625 0.64140625 0.1359375 0.1109375
0 0.24296875 0.921875 0.1796875 0.15546875
1 0.0359375 0.9265625 0.071875 0.146875
