0 0.58125 0.3515625 0.071875 0.03046875
0 0.2953125 0.896875 0.178125 0.2
1 0.740625 0.39140625 0.040625 0.171875
1 0.85859375 0.50546875 0.0640625 0.1890625
0 0.88984375 0.38046875 0.0484375 0.03359375
0 0.86640625 0.42890625 0.0640625 0.04140625
0 0.84921875 0.5265625 0.0890625 0.0640625
0 0.0859375 0.696875 0.121875 0.128125
0 0.34375 0.509375 0.11875 0.08046875
0 0.4859375 0.415625 0.096875 0.05859375
0 0.79453125 0.75 0.1421875 0.14453125
1 0.78125 0.8125 0.10625 0.275
1 0.609375 0.340625 0.040625 0.11953125
1 0.62890625 0.45703125 0.0640625 0.225
0 0.64921875 0.478125 0.0984375 0.0609375
0 0.72109375 0.39140625 0.0734375 0.0390625
0 0.51875 0.628125 0.134375 0.10546875
