0 0.671875 0.475 0.090625 0.0609375
1 0.43515625 0.70390625 0.1265625 0.296875
1 0.80390625 0.73359375 0.1078125 0.29453125
1 0.8796875 0.428125 0.04375 0.16640625
0 0.24296875 0.9203125 0.1796875 0.159375
0 0.10703125 0.68359375 0.1234375 0.128125
1 0.26328125 0.578125 0.0734375 0.25546875
1 0.52265625 0.40390625 0.0484375 0.1859375
1 0.0390625 0.9234375 0.078125 0.153125
0 0.490625 0.4140625 0.096875 0.05546875
0 0.32421875 0.52890625 0.1109375 0.09140625
0 0.51640625 0.64140625 0.1359375 0.1109375
0 0.79765625 0.7734375 0.1453125 0.153125
0 0.86953125 0.54609375 0.0921875 0.06953125
0 0.8765625 0.43359375 0.065625 0.04453125
0 0.7296875 0.390625 0.071875 0.0359375
0 0.58046875 0.3515625 0.0671875 0.0359375
