1 0.271875 0.41640625 0.04375 0.1609375
0 0.33828125 0.35 0.0578125 0.03359375
0 0.2484375 0.41953125 0.06875 0.0390625
1 0.46953125 0.76796875 0.0859375 0.4640625
0 0.45 0.35546875 0.065625 0.0390625
0 0.409375 0.421875 0.075 0.04453125
0 0.33359375 0.90234375 0.1609375 0.1953125
1 0.61015625 0.365625 0.0390625 0.09140625
0 0.3765625 0.6 0.109375 0.0890625
0 0.2203125 0.609375 0.1 0.08046875
0 0.09921875 0.57109375 0.0765625 0.06953125
0 0.109375 0.81796875 0.109375 0.14140625
1 0.01875 0.72109375 0.0375 0.2359375
1 0.11484375 0.56796875 0.0515625 0.21953125
