1 0.6109375 0.39140625 0.05 0.178125
1 0.53046875 0.39453125 0.0546875 0.16640625
0 0.34375 0.509375 0.11875 0.08046875
0 0.48046875 0.41796875 0.0984375 0.05859375
0 0.1125 0.675 0.121875 0.128125
0 0.70390625 0.4140625 0.0796875 0.04453125
0 0.6390625 0.4859375 0.096875 0.0609375
0 0.51796875 0.6265625 0.1359375 0.10859375
0 0.3171875 0.85 0.171875 0.18359375
0 0.840625 0.646875 0.115625 0.10546875
0 0.8640625 0.5109375 0.084375 0.0609375
0 0.04296875 0.96796875 0.0859375 0.0640625
0 0.56484375 0.390625 0.0671875 0.096875
0 0.78359375 0.90234375 0.1734375 0.1953125
1 0.2765625 0.57890625 0.103125 0.30859375
1 0.43984375 0.45703125 0.1046875 0.2859375
1 0.58203125 0.35 0.0359375 0.15
1 0.609375 0.2734375 0.034375 0.15859375
