0 0.78984375 0.56953125 0.1078125 0.15546875
0 0.64296875 0.471875 0.0984375 0.0609375
0 0.48828125 0.4140625 0.1046875 0.05546875
0 0.8140625 0.70546875 0.13125 0.121875
0 0.30390625 0.9015625 0.1828125 0.196875
1 0.59453125 0.27890625 0.0234375 0.13046875
0 0.65859375 0.415625 0.0796875 0.0640625
0 0.8484375 0.509375 0.084375 0.1640625
0 0.803125 0.59609375 0.121875 0.14140625
0 0.58046875 0.359375 0.0609375 0.03046875
0 0.5359375 0.646875 0.140625 0.1109375
0 0.13359375 0.6609375 0.1234375 0.128125
0 0.3453125 0.50546875 0.11875 0.078125
