0 0.490625 0.4125 0.1 0.053125
0 0.5328125 0.64140625 0.140625 0.11640625
0 0.64375 0.471875 0.096875 0.05546875
0 0.13359375 0.659375 0.1234375 0.11953125
0 0.3453125 0.50546875 0.115625 0.078125
0 0.575 0.35546875 0.075 0.028125
0 0.80546875 0.603125 0.1140625 0.15
0 0.83125 0.703125 0.128125 0.128125
0 0.790625 0.56640625 0.1 0.15
0 0.65859375 0.40390625 0.0765625 0.04140625
0 0.784375 0.9015625 0.171875 0.196875
0 0.846875 0.5125 0.08125 0.1640625
0 0.30546875 0.9 0.1828125 0.2
1 0.72421875 0.603125 0.0765625 0.421875
