0 0.04296875 0.96796875 0.0859375 0.0640625
1 0.61171875 0.39609375 0.0546875 0.16953125
1 0.6828125 0.31953125 0.046875 0.2
1 0.27734375 0.58046875 0.1015625 0.3109375
0 0.1125 0.6765625 0.121875 0.13046875
0 0.51796875 0.6265625 0.1359375 0.10859375
0 0.63984375 0.484375 0.0984375 0.0640625
0 0.70546875 0.4125 0.0796875 0.046875
0 0.57109375 0.359375 0.0640625 0.04140625
0 0.3171875 0.8484375 0.171875 0.1859375
0 0.34375 0.509375 0.11875 0.08046875
0 0.83984375 0.64609375 0.1140625 0.103125
0 0.8640625 0.5140625 0.084375 0.0609375
0 0.48203125 0.41640625 0.0984375 0.05546875
0 0.78359375 0.90234375 0.1734375 0.1953125
1 0.58125 0.35390625 0.0375 0.153125
1 0.53046875 0.39609375 0.0546875 0.16953125
1 0.4609375 0.4515625 0.1 0.29140625
