1 0.825 0.340625 0.046875 0.18046875
0 0.65703125 0.490625 0.1015625 0.0640625
0 0.56875 0.371875 0.065625 0.028125
0 0.8375 0.5015625 0.028125 0.0359375
0 0.52421875 0.6234375 0.1359375 0.103125
0 0.48046875 0.41640625 0.0984375 0.05546875
0 0.78125 0.90703125 0.175 0.1859375
0 0.7265625 0.41796875 0.078125 0.0359375
1 0.87734375 0.4515625 0.0421875 0.11953125
0 0.04375 0.9703125 0.0875 0.059375
0 0.8421875 0.64296875 0.115625 0.103125
0 0.34453125 0.509375 0.1203125 0.08046875
0 0.1125 0.675 0.121875 0.121875
1 0.8625 0.51953125 0.071875 0.15546875
1 0.6109375 0.39453125 0.04375 0.1609375
0 0.3171875 0.8484375 0.165625 0.1859375
1 0.53125 0.39609375 0.053125 0.16953125
1 0.27890625 0.57890625 0.1078125 0.30859375
