0 0.31875 0.528125 0.121875 0.08359375
0 0.8 0.79140625 0.15 0.15546875
0 0.7296875 0.39453125 0.071875 0.03359375
0 0.4796875 0.41640625 0.096875 0.05
0 0.57734375 0.35546875 0.0671875 0.03359375
0 0.84921875 0.54453125 0.0890625 0.06640625
0 0.8796875 0.4390625 0.0625 0.04453125
0 0.66796875 0.48359375 0.0953125 0.0609375
0 0.15546875 0.984375 0.1203125 0.03046875
0 0.09453125 0.6890625 0.1203125 0.128125
1 0.23203125 0.9125 0.1546875 0.175
1 0.04609375 0.884375 0.0921875 0.23046875
0 0.5125 0.60859375 0.128125 0.1
