1 0.53203125 0.38359375 0.0515625 0.15
0 0.8390625 0.6484375 0.1125 0.096875
0 0.725 0.421875 0.078125 0.04453125
0 0.57421875 0.3625 0.0546875 0.03046875
0 0.65625 0.49453125 0.1 0.06640625
0 0.78046875 0.90546875 0.1734375 0.1890625
0 0.48203125 0.4140625 0.1015625 0.05546875
0 0.52265625 0.625 0.1328125 0.10546875
0 0.34375 0.5125 0.121875 0.08046875
0 0.31796875 0.84609375 0.1703125 0.18046875
0 0.1125 0.675 0.121875 0.128125
0 0.0453125 0.96640625 0.090625 0.06640625
1 0.2734375 0.59453125 0.103125 0.33359375
1 0.8765625 0.49453125 0.04375 0.20546875
1 0.859375 0.5140625 0.06875 0.15546875
