0 0.31796875 0.84609375 0.1734375 0.1859375
0 0.04375 0.96796875 0.0875 0.0640625
1 0.53671875 0.4015625 0.0609375 0.175
1 0.2734375 0.5765625 0.11875 0.30859375
1 0.61328125 0.39609375 0.0484375 0.15859375
0 0.78203125 0.9078125 0.1765625 0.184375
0 0.8390625 0.64296875 0.1125 0.096875
0 0.72578125 0.41953125 0.0796875 0.05546875
0 0.11171875 0.6765625 0.1203125 0.125
0 0.65703125 0.490625 0.1015625 0.05859375
0 0.48203125 0.41640625 0.1015625 0.05
1 0.87734375 0.5015625 0.0421875 0.196875
1 0.86328125 0.53046875 0.0671875 0.15546875
0 0.34609375 0.509375 0.1171875 0.08046875
0 0.56640625 0.36953125 0.0609375 0.01640625
0 0.8640625 0.509375 0.084375 0.0640625
0 0.52421875 0.625 0.1359375 0.10546875
