0 0.31796875 0.84609375 0.1703125 0.18046875
0 0.8390625 0.5 0.034375 0.0390625
0 0.83984375 0.6484375 0.1171875 0.103125
0 0.78203125 0.90703125 0.1765625 0.1859375
0 0.7265625 0.41953125 0.078125 0.04453125
0 0.66015625 0.490625 0.1015625 0.0640625
1 0.8640625 0.5234375 0.071875 0.153125
1 0.6140625 0.39453125 0.046875 0.16640625
1 0.52890625 0.39453125 0.0515625 0.171875
1 0.65625 0.725 0.134375 0.4609375
1 0.2703125 0.5859375 0.1125 0.2890625
1 0.8796875 0.4484375 0.05 0.096875
0 0.04296875 0.96796875 0.0859375 0.0640625
0 0.1125 0.678125 0.125 0.128125
0 0.3453125 0.5125 0.1125 0.08046875
0 0.52265625 0.625 0.1359375 0.10546875
0 0.4828125 0.41796875 0.1 0.053125
