0 0.04296875 0.9703125 0.0859375 0.059375
0 0.5234375 0.628125 0.134375 0.10546875
0 0.48125 0.41640625 0.1 0.0609375
0 0.65859375 0.49140625 0.1015625 0.0609375
0 0.72578125 0.41796875 0.0796875 0.046875
0 0.571875 0.3640625 0.0625 0.028125
0 0.78203125 0.909375 0.1765625 0.18046875
0 0.840625 0.646875 0.115625 0.10546875
0 0.83515625 0.50546875 0.0234375 0.05
1 0.85625 0.5265625 0.0625 0.16953125
1 0.87578125 0.453125 0.0390625 0.11640625
1 0.53125 0.3890625 0.05 0.15
1 0.26796875 0.596875 0.1109375 0.328125
0 0.34375 0.50859375 0.11875 0.08359375
0 0.31796875 0.846875 0.1734375 0.18359375
0 0.1109375 0.6765625 0.121875 0.13046875
