1 0.09140625 0.8703125 0.1078125 0.259375
1 0.0109375 0.7234375 0.021875 0.24140625
1 0.0515625 0.475 0.034375 0.1890625
1 0.36953125 0.58359375 0.0578125 0.25546875
1 0.23671875 0.559375 0.0765625 0.21953125
1 0.1109375 0.590625 0.065625 0.2640625
1 0.49765625 0.85 0.1234375 0.3
1 0.1953125 0.740625 0.115625 0.396875
1 0.44453125 0.41953125 0.0609375 0.228125
0 0.12109375 0.81640625 0.1046875 0.13359375
0 0.0765625 0.59140625 0.075 0.071875
0 0.2078125 0.5765625 0.08125 0.075
0 0.353125 0.6109375 0.1125 0.08359375
0 0.3015625 0.91484375 0.1625 0.1703125
