1 0.27890625 0.58046875 0.0984375 0.3109375
1 0.53046875 0.39609375 0.0546875 0.16953125
1 0.61484375 0.39140625 0.0515625 0.1609375
1 0.584375 0.35546875 0.0375 0.1609375
0 0.78359375 0.9015625 0.1734375 0.196875
1 0.8828125 0.27890625 0.01875 0.11953125
0 0.70390625 0.4140625 0.0796875 0.04453125
0 0.34453125 0.5109375 0.1203125 0.078125
0 0.48203125 0.41640625 0.0984375 0.05546875
0 0.8640625 0.5109375 0.084375 0.0609375
0 0.57109375 0.3640625 0.0671875 0.03359375
0 0.51796875 0.62890625 0.1359375 0.10859375
0 0.3171875 0.846875 0.171875 0.18359375
0 0.83984375 0.6484375 0.1140625 0.10859375
0 0.11171875 0.6734375 0.1203125 0.125
0 0.63984375 0.4859375 0.0984375 0.0609375
0 0.04453125 0.96796875 0.0890625 0.0640625
