0 0.04375 0.96953125 0.0875 0.0609375
1 0.8796875 0.45390625 0.04375 0.11953125
1 0.2734375 0.5890625 0.115625 0.2890625
1 0.53125 0.39453125 0.053125 0.16640625
1 0.61328125 0.39140625 0.0484375 0.15546875
1 0.78359375 0.45859375 0.0578125 0.29453125
1 0.8640625 0.51640625 0.071875 0.1609375
0 0.5703125 0.415625 0.065625 0.1140625
0 0.78203125 0.9078125 0.1765625 0.184375
0 0.8359375 0.5 0.028125 0.0390625
0 0.65703125 0.4890625 0.0984375 0.0609375
0 0.11328125 0.675 0.1234375 0.128125
0 0.3234375 0.846875 0.18125 0.18359375
0 0.48125 0.41640625 0.096875 0.05546875
0 0.8390625 0.64296875 0.1125 0.096875
0 0.71875 0.41796875 0.065625 0.04140625
0 0.52265625 0.625 0.1359375 0.10546875
0 0.346875 0.509375 0.1125 0.08046875
