0 0.30234375 0.9140625 0.1578125 0.171875
0 0.3546875 0.60390625 0.115625 0.0859375
1 0.23671875 0.5640625 0.0765625 0.2109375
1 0.0515625 0.4765625 0.034375 0.18046875
1 0.56171875 0.371875 0.0390625 0.1890625
1 0.51328125 0.54453125 0.0671875 0.30546875
0 0.2046875 0.578125 0.096875 0.071875
1 0.4453125 0.390625 0.053125 0.28046875
0 0.1140625 0.81796875 0.115625 0.1359375
0 0.08046875 0.5875 0.0734375 0.06953125
1 0.01171875 0.734375 0.0234375 0.225
1 0.3703125 0.590625 0.059375 0.25859375
1 0.19375 0.72890625 0.0875 0.403125
1 0.08515625 0.88203125 0.1203125 0.2359375
1 0.1109375 0.5890625 0.06875 0.271875
