0 0.3046875 0.9015625 0.18125 0.196875
1 0.58671875 0.27890625 0.0171875 0.096875
0 0.84765625 0.5125 0.0859375 0.1640625
0 0.3453125 0.50703125 0.115625 0.08046875
0 0.5359375 0.64140625 0.140625 0.1109375
0 0.48828125 0.4125 0.0984375 0.05859375
0 0.64375 0.47109375 0.096875 0.053125
0 0.65859375 0.40390625 0.0796875 0.04140625
0 0.578125 0.35859375 0.0625 0.021875
0 0.79140625 0.56953125 0.1046875 0.15
0 0.8046875 0.59453125 0.115625 0.14453125
0 0.815625 0.70390625 0.128125 0.11953125
0 0.13125 0.6609375 0.121875 0.128125
