0 0.3171875 0.846875 0.171875 0.18359375
1 0.87578125 0.5015625 0.0453125 0.203125
0 0.0421875 0.96953125 0.084375 0.0609375
0 0.7796875 0.90703125 0.175 0.1859375
0 0.4828125 0.41796875 0.096875 0.05859375
1 0.86171875 0.5234375 0.0640625 0.153125
0 0.86484375 0.50859375 0.0828125 0.05546875
0 0.840625 0.64609375 0.115625 0.103125
1 0.27265625 0.57890625 0.1203125 0.303125
1 0.5359375 0.3984375 0.0625 0.18046875
1 0.61171875 0.3875 0.0484375 0.1640625
0 0.5234375 0.6265625 0.134375 0.10859375
0 0.65703125 0.490625 0.1015625 0.05859375
0 0.72578125 0.41796875 0.0765625 0.04140625
0 0.56796875 0.365625 0.0671875 0.01953125
0 0.34375 0.5109375 0.11875 0.078125
0 0.11171875 0.6734375 0.1203125 0.125
