1 0.55625 0.4375 0.04375 0.2640625
1 0.31640625 0.9109375 0.1015625 0.178125
1 0.41328125 0.453125 0.0578125 0.25546875
1 0.534375 0.3640625 0.034375 0.23359375
0 0.409375 0.45546875 0.08125 0.13359375
0 0.37578125 0.61640625 0.1140625 0.09453125
0 0.33984375 0.8609375 0.1546875 0.16640625
0 0.2421875 0.4515625 0.053125 0.1359375
0 0.1203125 0.79453125 0.109375 0.13359375
0 0.2015625 0.59453125 0.096875 0.08359375
0 0.02578125 0.75859375 0.0515625 0.1109375
0 0.06875 0.6109375 0.078125 0.08359375
