1 0.86015625 0.5265625 0.0640625 0.146875
0 0.725 0.41796875 0.078125 0.04140625
0 0.65703125 0.49296875 0.1015625 0.0640625
0 0.31484375 0.84453125 0.1703125 0.18359375
0 0.52265625 0.6265625 0.1359375 0.103125
0 0.1125 0.675 0.121875 0.121875
1 0.87578125 0.45546875 0.0390625 0.128125
0 0.578125 0.36640625 0.05 0.0109375
1 0.26328125 0.59453125 0.1015625 0.29453125
0 0.34609375 0.50859375 0.1140625 0.08359375
0 0.04296875 0.96953125 0.0859375 0.0609375
0 0.8375 0.65390625 0.1125 0.1140625
0 0.48125 0.415625 0.096875 0.05859375
1 0.52890625 0.39609375 0.0546875 0.15859375
