1 0.278125 0.58046875 0.1 0.30546875
0 0.86484375 0.509375 0.0828125 0.0640625
0 0.56484375 0.359375 0.0640625 0.04140625
0 0.83984375 0.64609375 0.1140625 0.103125
0 0.51796875 0.62890625 0.1359375 0.10859375
0 0.34375 0.509375 0.11875 0.08046875
0 0.7046875 0.4140625 0.078125 0.04453125
0 0.48203125 0.41640625 0.0984375 0.05546875
0 0.1125 0.675 0.121875 0.128125
0 0.6390625 0.484375 0.096875 0.0640625
0 0.3171875 0.846875 0.171875 0.18359375
0 0.78359375 0.9015625 0.1734375 0.196875
1 0.5296875 0.396875 0.05625 0.171875
1 0.6109375 0.39296875 0.05 0.16953125
0 0.04453125 0.96640625 0.0890625 0.06640625
1 0.58359375 0.3609375 0.0359375 0.16640625
1 0.75390625 0.48203125 0.0515625 0.28046875
