0 0.84921875 0.54609375 0.0890625 0.06953125
1 0.04765625 0.8859375 0.0953125 0.228125
0 0.3203125 0.52890625 0.121875 0.08046875
1 0.296875 0.8765625 0.10625 0.246875
0 0.57734375 0.35546875 0.0671875 0.03359375
0 0.80234375 0.79453125 0.1484375 0.16640625
0 0.73046875 0.396875 0.0734375 0.0390625
0 0.878125 0.43359375 0.06875 0.03359375
0 0.15234375 0.9828125 0.1234375 0.034375
0 0.09375 0.690625 0.121875 0.11953125
0 0.6640625 0.48359375 0.1 0.05
0 0.5140625 0.6109375 0.13125 0.09453125
0 0.48046875 0.41640625 0.0984375 0.05
