0 0.34453125 0.509375 0.1203125 0.08046875
0 0.1125 0.671875 0.121875 0.128125
0 0.70546875 0.409375 0.0765625 0.046875
0 0.63984375 0.4859375 0.0984375 0.0609375
0 0.8640625 0.5109375 0.084375 0.0609375
0 0.83984375 0.646875 0.1140625 0.10546875
1 0.78828125 0.3359375 0.0390625 0.16640625
0 0.78359375 0.9015625 0.1734375 0.196875
0 0.51796875 0.6265625 0.1359375 0.10859375
0 0.3171875 0.846875 0.171875 0.18359375
0 0.04296875 0.96640625 0.0859375 0.06640625
0 0.56796875 0.35859375 0.0640625 0.0390625
0 0.48203125 0.41640625 0.0984375 0.05546875
1 0.275 0.58046875 0.096875 0.3109375
1 0.53125 0.39609375 0.053125 0.16953125
1 0.5828125 0.3515625 0.0375 0.146875
1 0.6125 0.39296875 0.053125 0.16953125
1 0.68125 0.346875 0.053125 0.24453125
