0 0.34375 0.509375 0.11875 0.08046875
0 0.83984375 0.64609375 0.1140625 0.103125
0 0.63984375 0.484375 0.0984375 0.0640625
0 0.04453125 0.96796875 0.0890625 0.0640625
1 0.278125 0.57890625 0.1 0.30859375
1 0.60390625 0.4125 0.0609375 0.325
0 0.3171875 0.8484375 0.171875 0.1859375
1 0.58046875 0.35859375 0.0296875 0.16640625
1 0.55390625 0.41796875 0.0484375 0.28046875
0 0.51796875 0.6265625 0.1359375 0.10859375
1 0.51953125 0.4109375 0.0390625 0.20546875
0 0.784375 0.90234375 0.171875 0.1953125
0 0.57265625 0.359375 0.0390625 0.04140625
0 0.70390625 0.4125 0.0796875 0.046875
0 0.8640625 0.509375 0.084375 0.05859375
0 0.11171875 0.671875 0.1203125 0.128125
0 0.48203125 0.415625 0.0984375 0.05859375
