0 0.78046875 0.9078125 0.1765625 0.184375
0 0.521875 0.62890625 0.134375 0.10859375
0 0.04375 0.96953125 0.0875 0.0609375
0 0.6578125 0.49296875 0.103125 0.0640625
1 0.87578125 0.44296875 0.0453125 0.096875
0 0.31875 0.846875 0.165625 0.1890625
0 0.1109375 0.678125 0.125 0.128125
0 0.571875 0.3609375 0.0625 0.03359375
1 0.2734375 0.5890625 0.1 0.33359375
1 0.85859375 0.51640625 0.0703125 0.15546875
0 0.34453125 0.509375 0.1203125 0.08046875
0 0.48046875 0.415625 0.0984375 0.053125
1 0.534375 0.390625 0.05625 0.1640625
0 0.72578125 0.421875 0.0796875 0.04453125
0 0.84140625 0.64609375 0.1171875 0.10859375
