0 0.65859375 0.40390625 0.0796875 0.04140625
0 0.30625 0.9015625 0.18125 0.196875
0 0.8484375 0.5125 0.084375 0.16953125
1 0.59140625 0.28359375 0.0203125 0.14453125
0 0.5359375 0.64453125 0.1375 0.1109375
0 0.4890625 0.4125 0.096875 0.053125
0 0.80546875 0.5984375 0.1140625 0.153125
0 0.7890625 0.56953125 0.10625 0.15
0 0.13359375 0.6640625 0.1234375 0.128125
0 0.34765625 0.50859375 0.1171875 0.078125
0 0.57421875 0.359375 0.0703125 0.0359375
0 0.64453125 0.471875 0.0953125 0.05546875
0 0.81484375 0.70546875 0.1296875 0.121875
