0 0.1125 0.6734375 0.121875 0.125
0 0.78203125 0.90703125 0.1765625 0.1859375
0 0.31796875 0.84609375 0.1703125 0.1859375
1 0.6140625 0.39296875 0.05 0.16953125
1 0.86171875 0.52109375 0.0671875 0.153125
0 0.04609375 0.96796875 0.0921875 0.0640625
1 0.875 0.4984375 0.040625 0.196875
1 0.275 0.57890625 0.11875 0.30859375
1 0.5359375 0.4 0.0625 0.178125
0 0.56875 0.3625 0.059375 0.03046875
0 0.34375 0.509375 0.11875 0.08046875
0 0.48359375 0.41640625 0.0921875 0.05546875
0 0.5203125 0.6265625 0.1375 0.103125
0 0.65703125 0.4890625 0.1015625 0.0609375
0 0.72421875 0.42109375 0.0765625 0.046875
0 0.8390625 0.65 0.109375 0.1109375
0 0.865625 0.5140625 0.084375 0.0609375
