0 0.65 0.478125 0.096875 0.05546875
0 0.57421875 0.35546875 0.0640625 0.03359375
1 0.87734375 0.45 0.0328125 0.21640625
1 0.83515625 0.73046875 0.0921875 0.3109375
0 0.8828125 0.4484375 0.071875 0.14140625
0 0.1078125 0.68046875 0.121875 0.128125
0 0.3265625 0.521875 0.121875 0.08359375
0 0.3515625 0.85703125 0.178125 0.18046875
0 0.52109375 0.64453125 0.1390625 0.1109375
0 0.80546875 0.78359375 0.1453125 0.15546875
0 0.4796875 0.41640625 0.096875 0.05546875
0 0.8390625 0.54609375 0.096875 0.075
