1 0.8546875 0.271875 0.021875 0.1
0 0.0453125 0.96484375 0.090625 0.0703125
0 0.1125 0.6765625 0.121875 0.13046875
0 0.34375 0.509375 0.121875 0.08046875
0 0.70390625 0.4140625 0.0796875 0.04453125
0 0.8640625 0.5125 0.084375 0.0640625
0 0.840625 0.646875 0.115625 0.1109375
0 0.31796875 0.8484375 0.1734375 0.1859375
0 0.48203125 0.415625 0.0984375 0.05859375
0 0.63984375 0.4859375 0.0984375 0.0609375
0 0.51796875 0.6265625 0.1359375 0.10859375
0 0.5703125 0.35703125 0.071875 0.04140625
0 0.78359375 0.90234375 0.1734375 0.1953125
1 0.278125 0.5765625 0.096875 0.3140625
1 0.53046875 0.39609375 0.0546875 0.16953125
1 0.58359375 0.35859375 0.0359375 0.171875
1 0.6140625 0.39296875 0.053125 0.15859375
1 0.84453125 0.32109375 0.0328125 0.196875
