0 0.41953125 0.4625 0.0796875 0.146875
0 0.34140625 0.85859375 0.1578125 0.16640625
0 0.03203125 0.7609375 0.0640625 0.1109375
0 0.121875 0.79453125 0.109375 0.13359375
0 0.06796875 0.6109375 0.0765625 0.078125
0 0.2015625 0.59296875 0.096875 0.08046875
0 0.37578125 0.6140625 0.1140625 0.09453125
0 0.24453125 0.453125 0.0640625 0.1390625
1 0.31796875 0.909375 0.1015625 0.18046875
1 0.53359375 0.378125 0.0421875 0.19453125
1 0.421875 0.446875 0.046875 0.25546875
1 0.55625 0.43359375 0.040625 0.26640625
