1 0.2359375 0.5625 0.078125 0.21953125
0 0.3015625 0.9140625 0.1625 0.171875
0 0.35390625 0.60703125 0.1140625 0.09140625
0 0.0765625 0.59140625 0.078125 0.078125
0 0.1203125 0.815625 0.103125 0.146875
0 0.2109375 0.57890625 0.078125 0.075
1 0.0109375 0.72890625 0.021875 0.23046875
1 0.090625 0.875 0.103125 0.25
1 0.1953125 0.7390625 0.11875 0.39453125
1 0.5 0.85234375 0.125 0.2953125
1 0.36875 0.5734375 0.0625 0.23046875
1 0.446875 0.39453125 0.053125 0.271875
1 0.109375 0.5890625 0.065625 0.271875
1 0.0515625 0.4765625 0.0375 0.19140625
