0 0.80078125 0.79609375 0.1515625 0.1640625
0 0.846875 0.546875 0.084375 0.071875
0 0.73125 0.39296875 0.071875 0.03046875
0 0.571875 0.35859375 0.0625 0.03359375
0 0.66640625 0.48359375 0.0953125 0.05546875
1 0.23984375 0.909375 0.1515625 0.18046875
0 0.15546875 0.984375 0.1203125 0.03046875
0 0.09375 0.690625 0.121875 0.125
1 0.05234375 0.896875 0.0984375 0.1890625
0 0.509375 0.609375 0.13125 0.103125
0 0.8765625 0.43359375 0.0625 0.0390625
0 0.31875 0.528125 0.121875 0.08359375
0 0.4796875 0.41796875 0.1 0.053125
