0 0.7265625 0.41796875 0.08125 0.04140625
0 0.83984375 0.64609375 0.1140625 0.096875
0 0.78203125 0.9078125 0.1765625 0.184375
0 0.34453125 0.5109375 0.1171875 0.08359375
0 0.48203125 0.415625 0.1015625 0.053125
0 0.5234375 0.625 0.134375 0.10546875
0 0.65859375 0.49140625 0.1015625 0.06640625
0 0.31796875 0.846875 0.1703125 0.1890625
0 0.1109375 0.6765625 0.121875 0.13046875
0 0.04375 0.96953125 0.0875 0.0609375
1 0.8765625 0.4484375 0.04375 0.11953125
1 0.2671875 0.59609375 0.109375 0.33046875
1 0.528125 0.3890625 0.046875 0.15
0 0.57265625 0.365625 0.0609375 0.01953125
1 0.859375 0.52109375 0.065625 0.14140625
