0 0.11171875 0.6765625 0.1265625 0.13046875
0 0.6578125 0.490625 0.1 0.0640625
0 0.72578125 0.421875 0.0765625 0.04453125
0 0.83984375 0.6484375 0.1140625 0.103125
0 0.56796875 0.365625 0.0703125 0.03046875
0 0.31640625 0.846875 0.1703125 0.18359375
0 0.3453125 0.50859375 0.11875 0.078125
0 0.5234375 0.625 0.134375 0.1
0 0.48203125 0.415625 0.0984375 0.053125
1 0.6125 0.39453125 0.05 0.15546875
1 0.53046875 0.39609375 0.0546875 0.16953125
1 0.27734375 0.578125 0.1078125 0.30546875
1 0.878125 0.45703125 0.040625 0.125
1 0.86328125 0.5234375 0.0703125 0.15859375
0 0.0453125 0.96796875 0.0875 0.0640625
0 0.78203125 0.909375 0.1765625 0.18046875
