0 0.725 0.41640625 0.078125 0.04453125
1 0.2703125 0.58046875 0.109375 0.29453125
1 0.859375 0.5 0.059375 0.19453125
1 0.85234375 0.47109375 0.1046875 0.16953125
0 0.1109375 0.675 0.121875 0.128125
0 0.04453125 0.96796875 0.0890625 0.0640625
0 0.31640625 0.846875 0.1703125 0.18359375
0 0.34296875 0.509375 0.1171875 0.08046875
0 0.4828125 0.41640625 0.1 0.05546875
0 0.52421875 0.6234375 0.1328125 0.10859375
0 0.65703125 0.490625 0.0984375 0.05859375
0 0.5703125 0.3625 0.065625 0.03046875
0 0.78046875 0.90703125 0.1734375 0.1859375
0 0.84140625 0.6484375 0.1140625 0.103125
0 0.8640625 0.50859375 0.084375 0.0609375
