0 0.659375 0.40546875 0.075 0.04453125
0 0.6453125 0.4734375 0.09375 0.05859375
0 0.4890625 0.40859375 0.096875 0.05
0 0.34765625 0.50546875 0.1171875 0.078125
0 0.53515625 0.64453125 0.1390625 0.1109375
0 0.13359375 0.6625 0.1234375 0.11953125
0 0.79375 0.56953125 0.103125 0.15546875
0 0.83515625 0.70546875 0.1328125 0.121875
0 0.7859375 0.9 0.171875 0.2
0 0.8484375 0.5125 0.084375 0.1640625
0 0.57578125 0.353125 0.0671875 0.03359375
0 0.80234375 0.6125 0.1203125 0.18046875
0 0.3046875 0.9 0.178125 0.19453125
1 0.72578125 0.61640625 0.0859375 0.428125
