0 0.78125 0.90703125 0.175 0.1859375
1 0.86015625 0.51796875 0.0671875 0.15859375
1 0.875 0.45859375 0.040625 0.121875
0 0.04296875 0.96796875 0.0859375 0.0640625
0 0.109375 0.675 0.121875 0.128125
0 0.3203125 0.84453125 0.16875 0.18359375
1 0.26875 0.5984375 0.10625 0.325
0 0.34375 0.5109375 0.115625 0.08359375
1 0.534375 0.39296875 0.053125 0.15859375
0 0.4828125 0.415625 0.1 0.05859375
0 0.52421875 0.6265625 0.1359375 0.10859375
0 0.65859375 0.49140625 0.0953125 0.0609375
0 0.72734375 0.42109375 0.0796875 0.04140625
0 0.56953125 0.3625 0.0671875 0.01953125
0 0.83984375 0.65 0.1140625 0.09453125
