0 0.80234375 0.790625 0.1484375 0.153125
0 0.7296875 0.39609375 0.071875 0.03046875
0 0.66875 0.484375 0.09375 0.053125
0 0.5765625 0.35546875 0.065625 0.03359375
0 0.4796875 0.41640625 0.096875 0.05
0 0.85 0.55 0.090625 0.071875
0 0.5125 0.6109375 0.13125 0.10546875
0 0.31875 0.5265625 0.121875 0.08046875
0 0.09375 0.6875 0.11875 0.11953125
1 0.04609375 0.8859375 0.0921875 0.228125
1 0.23046875 0.9015625 0.1515625 0.196875
0 0.8765625 0.4375 0.0625 0.0359375
0 0.1546875 0.9828125 0.121875 0.034375
