0 0.57421875 0.35546875 0.0703125 0.028125
0 0.87890625 0.43203125 0.0671875 0.0359375
1 0.2328125 0.90390625 0.15625 0.19140625
0 0.8015625 0.79609375 0.15 0.1640625
0 0.7296875 0.39609375 0.071875 0.0359375
0 0.6671875 0.484375 0.096875 0.05859375
0 0.09453125 0.690625 0.1203125 0.125
0 0.15546875 0.9828125 0.1203125 0.034375
1 0.046875 0.8859375 0.09375 0.228125
0 0.51171875 0.6109375 0.1328125 0.1
0 0.47890625 0.41640625 0.0984375 0.05
0 0.31875 0.525 0.11875 0.08359375
0 0.85 0.5484375 0.0875 0.06953125
