0 0.1109375 0.6765625 0.11875 0.13046875
0 0.8390625 0.64609375 0.1125 0.10859375
0 0.72578125 0.42109375 0.0796875 0.04140625
0 0.65625 0.49140625 0.096875 0.0609375
0 0.56015625 0.365625 0.0671875 0.04140625
0 0.78203125 0.90703125 0.1765625 0.1859375
0 0.83515625 0.5 0.0265625 0.03359375
1 0.2765625 0.58203125 0.10625 0.303125
1 0.52734375 0.4 0.0515625 0.171875
1 0.6109375 0.4015625 0.046875 0.16953125
1 0.86171875 0.52109375 0.0734375 0.15859375
1 0.878125 0.478125 0.05 0.171875
0 0.48046875 0.41640625 0.0984375 0.05546875
0 0.321875 0.84296875 0.178125 0.18046875
0 0.34453125 0.5140625 0.1203125 0.078125
0 0.5234375 0.62109375 0.134375 0.103125
0 0.04375 0.96953125 0.0875 0.0609375
