0 0.09375 0.6890625 0.121875 0.128125
1 0.0484375 0.90390625 0.096875 0.19140625
1 0.23515625 0.9109375 0.1484375 0.178125
0 0.31796875 0.5265625 0.1203125 0.0859375
0 0.878125 0.42890625 0.065625 0.04140625
0 0.846875 0.553125 0.0875 0.071875
0 0.7296875 0.39453125 0.075 0.03359375
0 0.6671875 0.484375 0.09375 0.05859375
0 0.5765625 0.35859375 0.071875 0.04453125
0 0.48046875 0.41640625 0.0984375 0.05546875
0 0.80078125 0.79453125 0.1484375 0.1609375
0 0.5125 0.6125 0.13125 0.103125
0 0.1546875 0.9859375 0.115625 0.028125
