0 0.15546875 0.9828125 0.1203125 0.034375
0 0.66640625 0.4875 0.0984375 0.0640625
0 0.4796875 0.41640625 0.096875 0.05546875
0 0.575 0.35546875 0.071875 0.03359375
0 0.72890625 0.39296875 0.0703125 0.0359375
0 0.80078125 0.79453125 0.1515625 0.15546875
0 0.8484375 0.55 0.090625 0.078125
0 0.878125 0.440625 0.06875 0.046875
0 0.31953125 0.52890625 0.1234375 0.0859375
0 0.51015625 0.609375 0.1328125 0.103125
1 0.0484375 0.909375 0.096875 0.18046875
1 0.24140625 0.909375 0.1484375 0.18046875
0 0.0953125 0.690625 0.121875 0.125
