0 0.73125 0.39140625 0.071875 0.03359375
0 0.66640625 0.484375 0.0953125 0.05859375
0 0.57421875 0.35703125 0.0703125 0.0359375
0 0.31796875 0.52890625 0.1203125 0.08046875
0 0.875 0.43046875 0.065625 0.03359375
0 0.09453125 0.6875 0.1203125 0.11953125
0 0.48046875 0.415625 0.0953125 0.053125
0 0.85078125 0.55 0.0921875 0.071875
0 0.51328125 0.6109375 0.1328125 0.1
0 0.80234375 0.79609375 0.1484375 0.15859375
0 0.1546875 0.9828125 0.11875 0.034375
1 0.2375 0.90703125 0.15 0.1859375
1 0.0484375 0.909375 0.096875 0.18046875
