0 0.51796875 0.628125 0.1359375 0.1109375
0 0.11171875 0.6734375 0.1203125 0.125
0 0.83984375 0.646875 0.1140625 0.10546875
1 0.64453125 0.3484375 0.0421875 0.225
1 0.628125 0.35546875 0.03125 0.2
1 0.5828125 0.34140625 0.0375 0.1390625
1 0.53046875 0.396875 0.0546875 0.171875
1 0.27734375 0.578125 0.1015625 0.3109375
0 0.78359375 0.9015625 0.1734375 0.196875
0 0.3171875 0.8484375 0.171875 0.1859375
0 0.70390625 0.4140625 0.0796875 0.04453125
0 0.63984375 0.4859375 0.0984375 0.0609375
0 0.48203125 0.41640625 0.0984375 0.05546875
0 0.56953125 0.3609375 0.0671875 0.04453125
0 0.3453125 0.509375 0.11875 0.08046875
0 0.04375 0.96640625 0.0875 0.06640625
0 0.8640625 0.5109375 0.084375 0.0609375
