1 0.0484375 0.90390625 0.096875 0.19140625
0 0.15625 0.984375 0.11875 0.03046875
0 0.728125 0.44453125 0.06875 0.13359375
1 0.240625 0.9109375 0.15 0.178125
0 0.09375 0.6890625 0.121875 0.121875
0 0.31875 0.52890625 0.121875 0.08046875
0 0.5125 0.6125 0.13125 0.103125
0 0.80078125 0.79453125 0.1515625 0.15546875
0 0.85 0.546875 0.0875 0.071875
0 0.5765625 0.35546875 0.065625 0.03359375
0 0.875 0.4375 0.059375 0.0359375
0 0.6671875 0.48359375 0.096875 0.0609375
0 0.4796875 0.41640625 0.1 0.05546875
