1 0.06796875 0.796875 0.0984375 0.321875
1 0.70859375 0.4515625 0.0578125 0.196875
1 0.04140625 0.65546875 0.0671875 0.171875
1 0.2421875 0.69296875 0.075 0.25859375
1 0.1546875 0.575 0.0625 0.16640625
1 0.16796875 0.80859375 0.1140625 0.35
0 0.36171875 0.83203125 0.1734375 0.1859375
0 0.58046875 0.58046875 0.1234375 0.09453125
0 0.69375 0.44453125 0.0875 0.05546875
0 0.57109375 0.35546875 0.0703125 0.03359375
0 0.47890625 0.41953125 0.0984375 0.05546875
0 0.23984375 0.6265625 0.1359375 0.11953125
0 0.11953125 0.70546875 0.1265625 0.1390625
1 0.7765625 0.84453125 0.11875 0.3109375
0 0.81328125 0.784375 0.1390625 0.153125
0 0.85859375 0.5609375 0.0953125 0.078125
0 0.8703125 0.4515625 0.071875 0.046875
