1 0.67265625 0.521875 0.0671875 0.221875
1 0.34921875 0.51640625 0.0421875 0.23359375
1 0.38125 0.565625 0.090625 0.253125
1 0.07578125 0.921875 0.1015625 0.15546875
1 0.28203125 0.58046875 0.1109375 0.278125
1 0.659375 0.46796875 0.065625 0.23046875
0 0.721875 0.39453125 0.071875 0.04453125
0 0.56875 0.35703125 0.06875 0.03046875
0 0.47734375 0.41953125 0.0984375 0.05546875
0 0.790625 0.88203125 0.16875 0.19140625
0 0.33984375 0.846875 0.1734375 0.18359375
0 0.09765625 0.6875 0.1203125 0.13046875
0 0.85859375 0.621875 0.1078125 0.1
0 0.56171875 0.615625 0.1328125 0.10859375
0 0.6609375 0.478125 0.09375 0.05546875
0 0.875 0.503125 0.08125 0.0609375
0 0.88828125 0.42890625 0.0671875 0.04140625
