0 0.30078125 0.91484375 0.1609375 0.1703125
1 0.0546875 0.4734375 0.028125 0.18046875
1 0.54453125 0.4359375 0.0421875 0.321875
1 0.49453125 0.403125 0.0453125 0.2390625
1 0.375 0.5140625 0.053125 0.15
1 0.10859375 0.5765625 0.0671875 0.24140625
1 0.23515625 0.5625 0.0828125 0.21953125
1 0.14765625 0.45703125 0.0484375 0.26953125
0 0.20390625 0.58046875 0.0890625 0.071875
0 0.35234375 0.60546875 0.1109375 0.08359375
0 0.07734375 0.59453125 0.0796875 0.06640625
0 0.1140625 0.81796875 0.109375 0.1359375
