0 0.72578125 0.42109375 0.0796875 0.046875
0 0.6578125 0.490625 0.1 0.0640625
0 0.11171875 0.6765625 0.1203125 0.13046875
0 0.34453125 0.509375 0.1171875 0.08046875
0 0.484375 0.41640625 0.090625 0.05546875
0 0.56875 0.365625 0.078125 0.046875
1 0.60859375 0.36796875 0.0296875 0.13046875
1 0.5765625 0.39453125 0.046875 0.1609375
1 0.45 0.4484375 0.059375 0.203125
0 0.04296875 0.96953125 0.0859375 0.0609375
0 0.31796875 0.846875 0.1703125 0.18359375
0 0.7828125 0.90703125 0.178125 0.1859375
0 0.83828125 0.72109375 0.1203125 0.13046875
0 0.86640625 0.5125 0.0828125 0.05859375
1 0.61640625 0.37890625 0.0265625 0.1140625
0 0.5234375 0.625 0.134375 0.10546875
