1 0.57421875 0.396875 0.0453125 0.16640625
0 0.57109375 0.36953125 0.0828125 0.05
1 0.603125 0.35546875 0.028125 0.121875
0 0.3453125 0.5109375 0.11875 0.078125
0 0.11171875 0.678125 0.1203125 0.128125
1 0.4515625 0.45390625 0.05625 0.19140625
0 0.04375 0.96796875 0.0875 0.0640625
0 0.31875 0.84609375 0.171875 0.1859375
1 0.6171875 0.371875 0.021875 0.09453125
0 0.490625 0.41640625 0.08125 0.05546875
1 0.64453125 0.33203125 0.0328125 0.18046875
0 0.840625 0.71953125 0.125 0.128125
0 0.78203125 0.90703125 0.1765625 0.1859375
0 0.6578125 0.49140625 0.1 0.06640625
0 0.52421875 0.625 0.1359375 0.10546875
0 0.72578125 0.42109375 0.0796875 0.046875
0 0.8671875 0.5109375 0.084375 0.0609375
