0 0.3453125 0.5109375 0.11875 0.078125
0 0.840625 0.71640625 0.125 0.128125
0 0.8671875 0.5109375 0.084375 0.05546875
0 0.72578125 0.42109375 0.0796875 0.046875
1 0.6171875 0.378125 0.025 0.1109375
1 0.6046875 0.365625 0.0375 0.14140625
1 0.57421875 0.396875 0.0453125 0.1609375
1 0.45390625 0.44609375 0.0703125 0.203125
0 0.571875 0.36796875 0.084375 0.046875
0 0.48515625 0.41640625 0.0921875 0.05546875
0 0.11171875 0.675 0.1203125 0.128125
0 0.04296875 0.96953125 0.0859375 0.0609375
0 0.31875 0.8484375 0.171875 0.1859375
0 0.5234375 0.6265625 0.134375 0.10859375
0 0.6578125 0.49296875 0.1 0.0640625
0 0.78125 0.90703125 0.178125 0.1859375
1 0.6109375 0.284375 0.0375 0.13046875
