0 0.07890625 0.59609375 0.0765625 0.06953125
0 0.20390625 0.578125 0.0921875 0.071875
0 0.12265625 0.815625 0.1015625 0.14140625
0 0.3015625 0.91484375 0.159375 0.1703125
1 0.1109375 0.575 0.053125 0.23359375
1 0.05859375 0.4734375 0.0328125 0.18046875
1 0.3984375 0.41796875 0.065625 0.24140625
1 0.3609375 0.575 0.075 0.25546875
1 0.496875 0.42890625 0.0375 0.25859375
1 0.09296875 0.8703125 0.1046875 0.259375
0 0.34921875 0.60546875 0.1140625 0.0890625
1 0.546875 0.540625 0.053125 0.296875
1 0.2296875 0.553125 0.08125 0.228125
1 0.55234375 0.409375 0.0453125 0.16953125
