1 0.4484375 0.4515625 0.05625 0.196875
0 0.3453125 0.50859375 0.11875 0.078125
0 0.48828125 0.41640625 0.0859375 0.05546875
0 0.78203125 0.90703125 0.1765625 0.1859375
0 0.83984375 0.71953125 0.1234375 0.128125
0 0.8671875 0.5140625 0.084375 0.0609375
0 0.725 0.41953125 0.078125 0.04453125
0 0.6578125 0.49296875 0.1 0.0640625
0 0.52421875 0.625 0.1359375 0.10546875
0 0.3171875 0.846875 0.171875 0.18359375
0 0.04296875 0.96796875 0.0859375 0.0640625
1 0.575 0.396875 0.04375 0.1609375
1 0.6125 0.3640625 0.03125 0.08359375
1 0.60390625 0.3640625 0.0421875 0.15
0 0.11171875 0.678125 0.1203125 0.128125
0 0.57421875 0.3640625 0.0890625 0.0390625
