0 0.20390625 0.61953125 0.1015625 0.0890625
0 0.334375 0.8640625 0.15625 0.171875
0 0.39296875 0.60703125 0.0890625 0.09140625
1 0.15625 0.421875 0.046875 0.24453125
1 0.47421875 0.771875 0.1046875 0.45546875
1 0.35078125 0.434375 0.0515625 0.253125
1 0.42890625 0.38046875 0.0328125 0.16640625
0 0.053125 0.91953125 0.10625 0.1609375
1 0.07578125 0.44453125 0.0453125 0.1609375
0 0.09296875 0.58203125 0.0765625 0.075
1 0.34921875 0.63203125 0.0640625 0.19140625
1 0.39453125 0.57890625 0.0640625 0.2359375
