0 0.85859375 0.5625 0.0953125 0.08046875
1 0.59375 0.73984375 0.121875 0.5203125
0 0.87109375 0.4484375 0.0703125 0.046875
1 0.04765625 0.66953125 0.0609375 0.1890625
1 0.06875 0.796875 0.109375 0.3109375
0 0.240625 0.6265625 0.134375 0.11953125
0 0.81796875 0.78359375 0.1453125 0.15546875
1 0.1453125 0.584375 0.078125 0.146875
1 0.15859375 0.7875 0.1109375 0.35859375
0 0.58046875 0.57890625 0.1234375 0.0859375
0 0.69296875 0.44609375 0.0859375 0.053125
0 0.5703125 0.35703125 0.071875 0.0359375
0 0.4796875 0.42109375 0.096875 0.05859375
0 0.3625 0.83203125 0.175 0.18046875
1 0.228125 0.709375 0.08125 0.26953125
1 0.70859375 0.446875 0.0546875 0.2109375
1 0.765625 0.846875 0.128125 0.2890625
0 0.12109375 0.70546875 0.1296875 0.13359375
