1 0.665625 0.52890625 0.084375 0.246875
1 0.66328125 0.45 0.0703125 0.19453125
1 0.78671875 0.3234375 0.0265625 0.1359375
0 0.096875 0.6859375 0.11875 0.128125
0 0.31875 0.53046875 0.10625 0.08359375
0 0.3390625 0.84609375 0.171875 0.18046875
0 0.5609375 0.61640625 0.13125 0.10546875
0 0.47734375 0.41953125 0.1015625 0.05546875
0 0.5671875 0.35546875 0.071875 0.03359375
0 0.6609375 0.48359375 0.096875 0.0609375
0 0.72265625 0.39609375 0.0734375 0.04140625
0 0.8890625 0.42890625 0.06875 0.04140625
0 0.87421875 0.50390625 0.0828125 0.0640625
0 0.85859375 0.62109375 0.1078125 0.096875
0 0.78984375 0.88359375 0.1671875 0.1890625
1 0.3484375 0.5265625 0.053125 0.20859375
1 0.7875 0.86640625 0.025 0.028125
1 0.078125 0.9203125 0.096875 0.159375
1 0.2671875 0.57890625 0.084375 0.2859375
1 0.38984375 0.5609375 0.0703125 0.26640625
