1 0.16328125 0.59609375 0.0765625 0.2140625
0 0.58203125 0.58046875 0.1234375 0.09453125
0 0.81328125 0.78046875 0.1390625 0.15546875
0 0.8578125 0.5625 0.09375 0.08046875
0 0.8703125 0.45 0.071875 0.05
1 0.0515625 0.69140625 0.078125 0.2390625
1 0.071875 0.79609375 0.1 0.33046875
1 0.1671875 0.80859375 0.1125 0.35546875
1 0.23984375 0.69609375 0.0734375 0.2640625
1 0.7078125 0.45 0.05625 0.2
1 0.77734375 0.8453125 0.1203125 0.309375
0 0.115625 0.70546875 0.11875 0.1390625
0 0.2390625 0.6265625 0.140625 0.11953125
0 0.3625 0.83046875 0.171875 0.178125
0 0.4796875 0.41953125 0.096875 0.05546875
0 0.571875 0.35546875 0.06875 0.03359375
0 0.69375 0.44609375 0.0875 0.053125
