0 0.72421875 0.20625 0.1515625 0.1015625
0 0.7859375 0.49296875 0.21015625 0.1953125
0 0.86953125 0.925 0.2609375 0.15
0 0.4 0.3421875 0.134375 0.19765625
1 0.51328125 0.165625 0.07734375 0.240625
1 0.4828125 0.31796875 0.08515625 0.315625
1 0.3328125 0.2984375 0.10546875 0.3125
1 0.46953125 0.75625 0.1765625 0.4875
1 0.21875 0.803125 0.16875 0.39296875
1 0.73125 0.415625 0.12734375 0.56953125
0 0.3640625 0.59375 0.17265625 0.3046875
0 0.29921875 0.89453125 0.1953125 0.2109375
0 0.4328125 0.17890625 0.1078125 0.14453125
