1 0.6265625 0.10234375 0.23515625 0.2046875
1 0.7453125 0.45859375 0.24296875 0.609375
1 0.88515625 0.61484375 0.22890625 0.7703125
1 0.40234375 0.25546875 0.07421875 0.1796875
1 0.34765625 0.38984375 0.08515625 0.35625
1 0.28046875 0.53125 0.1734375 0.546875
1 0.12421875 0.63515625 0.2484375 0.7296875
1 0.9140625 0.05625 0.05078125 0.09453125
1 0.8671875 0.07265625 0.04296875 0.09921875
1 0.92734375 0.11953125 0.1453125 0.2390625
1 0.8265625 0.109375 0.08671875 0.1265625
1 0.6515625 0.37734375 0.10859375 0.36328125
0 0.4828125 0.69765625 0.61953125 0.6046875
