1 0.409375 0.503125 0.09375 0.28203125
1 0.3546875 0.51484375 0.0953125 0.33203125
1 0.3265625 0.61640625 0.26328125 0.521875
1 0.47890625 0.35859375 0.103125 0.25234375
1 0.4171875 0.30859375 0.059375 0.17265625
1 0.0390625 0.475 0.078125 0.3984375
1 0.20625 0.65234375 0.34375 0.6953125
1 0.68671875 0.56953125 0.14921875 0.415625
1 0.78515625 0.61953125 0.2078125 0.528125
1 0.86328125 0.67421875 0.27265625 0.65078125
0 0.55625 0.7609375 0.4296875 0.2921875
1 0.615625 0.496875 0.128125 0.2953125
