0 0.96328125 0.63359375 0.0734375 0.1390625
0 0.79765625 0.559375 0.0921875 0.296875
0 0.7265625 0.50703125 0.1375 0.11953125
0 0.66953125 0.840625 0.2265625 0.2640625
1 0.25234375 0.24140625 0.0328125 0.11640625
1 0.19375 0.2734375 0.040625 0.09140625
1 0.15234375 0.2625 0.0328125 0.1140625
1 0.19765625 0.36796875 0.0328125 0.1859375
1 0.1203125 0.28203125 0.034375 0.0640625
1 0.04609375 0.38203125 0.0390625 0.103125
1 0.06171875 0.421875 0.0453125 0.16640625
1 0.04296875 0.5125 0.0453125 0.14140625
0 0.0359375 0.6609375 0.06875 0.11640625
1 0.440625 0.80703125 0.209375 0.38046875
1 0.92578125 0.825 0.1484375 0.35
1 0.31953125 0.203125 0.0328125 0.1
0 0.159375 0.36953125 0.078125 0.05
0 0.225 0.265625 0.05625 0.04140625
1 0.0984375 0.34140625 0.040625 0.121875
1 0.28671875 0.21796875 0.0359375 0.103125
1 0.1484375 0.41796875 0.1 0.15859375
