1 0.33359375 0.4734375 0.0796875 0.253125
1 0.78125 0.296875 0.05 0.078125
1 0.41875 0.35546875 0.059375 0.15
1 0.178125 0.640625 0.10625 0.36953125
0 0.51875 0.3140625 0.1 0.0609375
0 0.6109375 0.259375 0.071875 0.04140625
0 0.375 0.4140625 0.103125 0.08359375
0 0.11015625 0.6015625 0.1171875 0.13046875
1 0.81484375 0.2875 0.0453125 0.125
0 0.35546875 0.79140625 0.1859375 0.21640625
0 0.58046875 0.5484375 0.1390625 0.11953125
0 0.778125 0.396875 0.05625 0.2109375
0 0.72421875 0.38203125 0.0859375 0.0640625
