0 0.0359375 0.659375 0.06875 0.11953125
0 0.221875 0.2640625 0.0625 0.04453125
1 0.04375 0.5109375 0.05 0.15546875
0 0.1546875 0.37109375 0.08125 0.053125
1 0.06484375 0.44296875 0.0421875 0.16953125
1 0.01171875 0.37890625 0.0234375 0.0859375
1 0.0203125 0.5640625 0.0375 0.10546875
0 0.66953125 0.840625 0.2265625 0.2640625
0 0.72421875 0.509375 0.1359375 0.125
1 0.29140625 0.221875 0.0296875 0.09453125
0 0.96328125 0.634375 0.0734375 0.146875
1 0.79921875 0.5640625 0.0890625 0.3
1 0.0453125 0.37109375 0.059375 0.08046875
1 0.09609375 0.3359375 0.0390625 0.11640625
1 0.12109375 0.2859375 0.0328125 0.06640625
1 0.1484375 0.4125 0.09375 0.14140625
1 0.19609375 0.36953125 0.0359375 0.16640625
1 0.15390625 0.2640625 0.0359375 0.1109375
1 0.19296875 0.26640625 0.0421875 0.1
1 0.25234375 0.2390625 0.0296875 0.1109375
1 0.3234375 0.2140625 0.025 0.078125
