1 0.19609375 0.26953125 0.0390625 0.0890625
1 0.03984375 0.49140625 0.0484375 0.14453125
1 0.0609375 0.44609375 0.04375 0.1859375
1 0.05078125 0.37109375 0.0453125 0.08046875
1 0.14765625 0.415625 0.0953125 0.146875
1 0.09609375 0.35859375 0.0421875 0.15
0 0.96328125 0.634375 0.0734375 0.146875
1 0.79921875 0.5640625 0.0890625 0.3
1 0.11875 0.28359375 0.028125 0.06640625
1 0.153125 0.2625 0.0375 0.1140625
1 0.19609375 0.3390625 0.0421875 0.121875
1 0.25234375 0.24296875 0.0328125 0.103125
1 0.290625 0.21640625 0.028125 0.09453125
0 0.1546875 0.37109375 0.08125 0.053125
0 0.0359375 0.659375 0.06875 0.11953125
0 0.72421875 0.509375 0.1359375 0.125
0 0.66953125 0.840625 0.2265625 0.2640625
1 0.0140625 0.56953125 0.025 0.1
0 0.221875 0.2640625 0.0625 0.04453125
