1 0.1484375 0.4109375 0.096875 0.15
1 0.15234375 0.2625 0.0328125 0.1140625
1 0.19765625 0.36796875 0.0328125 0.1859375
1 0.1203125 0.28203125 0.034375 0.0640625
1 0.04296875 0.5125 0.0453125 0.14140625
0 0.0359375 0.6609375 0.06875 0.11640625
0 0.7265625 0.50703125 0.1375 0.11953125
0 0.79765625 0.559375 0.0921875 0.296875
0 0.96328125 0.63359375 0.0734375 0.1390625
0 0.66953125 0.840625 0.2265625 0.2640625
1 0.06796875 0.421875 0.0359375 0.16640625
1 0.0484375 0.38203125 0.034375 0.103125
1 0.09375 0.3484375 0.0375 0.13046875
1 0.25234375 0.24140625 0.0328125 0.11640625
1 0.328125 0.2109375 0.01875 0.078125
0 0.159375 0.36953125 0.078125 0.05
0 0.225 0.265625 0.05625 0.04140625
1 0.2921875 0.22109375 0.028125 0.096875
1 0.19375 0.271875 0.040625 0.09453125
