0 0.78515625 0.30546875 0.0515625 0.078125
0 0.82109375 0.2890625 0.0390625 0.128125
0 0.78125 0.4 0.05625 0.2109375
0 0.6234375 0.2625 0.05625 0.04140625
0 0.3375 0.47109375 0.075 0.246875
0 0.58515625 0.5484375 0.1390625 0.11953125
0 0.3828125 0.4140625 0.096875 0.08359375
0 0.19453125 0.64140625 0.0796875 0.36640625
0 0.421875 0.35859375 0.065625 0.14453125
0 0.72734375 0.384375 0.0859375 0.0640625
0 0.36015625 0.79453125 0.1859375 0.21640625
0 0.115625 0.5984375 0.121875 0.1359375
0 0.5234375 0.3140625 0.1 0.0609375
