0 0.96328125 0.634375 0.0734375 0.146875
1 0.79921875 0.5640625 0.0890625 0.3
0 0.72421875 0.509375 0.1359375 0.125
0 0.221875 0.2640625 0.0625 0.04453125
0 0.66953125 0.840625 0.2265625 0.2640625
1 0.01171875 0.571875 0.0234375 0.0890625
1 0.0484375 0.3734375 0.05625 0.09140625
0 0.1546875 0.37109375 0.08125 0.053125
0 0.0359375 0.659375 0.06875 0.11953125
1 0.290625 0.21953125 0.028125 0.08359375
1 0.25234375 0.2359375 0.0328125 0.1109375
1 0.06484375 0.45 0.0453125 0.19453125
1 0.04453125 0.496875 0.0640625 0.14453125
1 0.190625 0.271875 0.034375 0.09453125
1 0.153125 0.2625 0.034375 0.1140625
1 0.19921875 0.3640625 0.0328125 0.18359375
1 0.11796875 0.2859375 0.0328125 0.078125
1 0.09765625 0.35546875 0.0421875 0.171875
1 0.1484375 0.4140625 0.09375 0.14453125
