0 0.0359375 0.659375 0.06875 0.11953125
1 0.0125 0.365625 0.025 0.06953125
0 0.221875 0.2640625 0.0625 0.04453125
0 0.1546875 0.37109375 0.078125 0.053125
0 0.96328125 0.634375 0.0734375 0.146875
0 0.66953125 0.840625 0.2265625 0.2640625
0 0.72421875 0.509375 0.1359375 0.125
1 0.79921875 0.5640625 0.0890625 0.3
1 0.0203125 0.571875 0.0375 0.0890625
1 0.06328125 0.446875 0.0390625 0.20546875
1 0.040625 0.49296875 0.040625 0.1359375
1 0.3265625 0.20703125 0.01875 0.09140625
1 0.290625 0.2234375 0.03125 0.10859375
1 0.25234375 0.2375 0.0328125 0.11953125
1 0.19453125 0.26796875 0.0390625 0.096875
1 0.09453125 0.3375 0.0359375 0.10859375
1 0.1203125 0.28046875 0.028125 0.0609375
1 0.14765625 0.415625 0.0921875 0.14140625
1 0.19921875 0.36953125 0.0296875 0.171875
1 0.153125 0.25859375 0.0375 0.1
