0 0.58046875 0.5484375 0.1390625 0.11953125
0 0.35546875 0.79140625 0.1859375 0.21640625
0 0.6109375 0.259375 0.071875 0.04140625
1 0.41328125 0.35 0.0703125 0.15546875
0 0.51875 0.3140625 0.1 0.0609375
1 0.46953125 0.42109375 0.0484375 0.30859375
1 0.69609375 0.73046875 0.1484375 0.5390625
0 0.11328125 0.6015625 0.1234375 0.13046875
1 0.33359375 0.4734375 0.0796875 0.253125
0 0.73046875 0.3859375 0.0953125 0.0609375
1 0.8171875 0.290625 0.0375 0.13046875
1 0.78125 0.3 0.046875 0.0890625
1 0.78046875 0.41640625 0.0484375 0.221875
0 0.80234375 0.30546875 0.0515625 0.04453125
1 0.1765625 0.64296875 0.10625 0.36953125
