0 0.6109375 0.259375 0.071875 0.04140625
0 0.51875 0.3140625 0.1 0.0609375
0 0.58046875 0.5484375 0.1390625 0.11953125
0 0.35546875 0.79140625 0.1859375 0.21640625
0 0.11328125 0.6015625 0.1265625 0.13046875
1 0.771875 0.415625 0.0625 0.225
1 0.77734375 0.29453125 0.0453125 0.08359375
1 0.81640625 0.2859375 0.0390625 0.128125
0 0.80234375 0.30546875 0.0515625 0.04453125
0 0.73046875 0.3859375 0.0953125 0.0609375
1 0.03828125 0.9 0.0765625 0.2
1 0.33671875 0.46796875 0.0796875 0.2640625
1 0.41796875 0.409375 0.0609375 0.253125
