1 0.0375 0.9 0.075 0.2
1 0.48203125 0.43203125 0.0703125 0.40859375
1 0.77109375 0.41640625 0.0640625 0.228125
0 0.73203125 0.3859375 0.0984375 0.0609375
1 0.78046875 0.29296875 0.0453125 0.08046875
1 0.815625 0.2859375 0.040625 0.128125
0 0.790625 0.30390625 0.06875 0.04140625
1 0.33203125 0.48046875 0.0765625 0.25
1 0.42109375 0.40859375 0.0578125 0.2609375
0 0.365625 0.4125 0.121875 0.08046875
0 0.51953125 0.3125 0.0984375 0.05859375
0 0.1125 0.6015625 0.125 0.13046875
0 0.609375 0.25546875 0.071875 0.03359375
0 0.35546875 0.79140625 0.1828125 0.20546875
0 0.57890625 0.54609375 0.1390625 0.11953125
