1 0.78359375 0.29609375 0.0515625 0.08046875
1 0.81796875 0.2875 0.0359375 0.125
0 0.7921875 0.30390625 0.071875 0.04140625
0 0.365625 0.4125 0.121875 0.08046875
1 0.78046875 0.4140625 0.0515625 0.228125
0 0.35546875 0.79140625 0.1828125 0.20546875
0 0.609375 0.25546875 0.071875 0.03359375
0 0.51953125 0.3125 0.0984375 0.05859375
0 0.1125 0.6015625 0.125 0.13046875
0 0.57890625 0.54609375 0.1390625 0.11953125
0 0.73203125 0.3859375 0.0984375 0.0609375
1 0.0390625 0.89453125 0.078125 0.2109375
1 0.415625 0.3640625 0.0625 0.16640625
1 0.3375 0.47109375 0.08125 0.246875
