0 0.790625 0.30390625 0.06875 0.04140625
1 0.3296875 0.48359375 0.10625 0.2390625
0 0.73203125 0.3859375 0.0984375 0.0609375
0 0.365625 0.4125 0.121875 0.08046875
1 0.4078125 0.38203125 0.078125 0.20859375
0 0.57890625 0.54609375 0.1390625 0.11953125
0 0.609375 0.25546875 0.071875 0.03359375
0 0.35546875 0.79140625 0.1828125 0.20546875
0 0.1125 0.6015625 0.125 0.13046875
1 0.8171875 0.2875 0.0375 0.125
1 0.784375 0.29609375 0.046875 0.075
1 0.77734375 0.4125 0.0578125 0.23046875
1 0.23046875 0.57109375 0.0765625 0.40859375
1 0.16875 0.8140625 0.1625 0.371875
0 0.51953125 0.3125 0.0984375 0.05859375
1 0.03828125 0.8875 0.0765625 0.225
