1 0.03828125 0.9 0.0765625 0.2
0 0.11171875 0.6015625 0.1234375 0.13046875
0 0.80234375 0.30546875 0.0515625 0.04453125
1 0.77734375 0.415625 0.0515625 0.225
1 0.78046875 0.29140625 0.0484375 0.078125
1 0.8140625 0.29140625 0.040625 0.13359375
0 0.73046875 0.3859375 0.0953125 0.0609375
0 0.35546875 0.79140625 0.1859375 0.21640625
0 0.58046875 0.5484375 0.1390625 0.11953125
1 0.3359375 0.4734375 0.078125 0.253125
1 0.4140625 0.35546875 0.06875 0.15
0 0.6109375 0.259375 0.071875 0.04140625
0 0.51875 0.3140625 0.1 0.0609375
