1 0.8171875 0.2859375 0.0375 0.128125
0 0.73046875 0.3859375 0.0953125 0.0609375
0 0.80234375 0.30546875 0.0515625 0.04453125
1 0.7796875 0.29296875 0.046875 0.075
1 0.77109375 0.4140625 0.0640625 0.228125
1 0.1125 0.81796875 0.140625 0.3640625
0 0.35546875 0.79140625 0.1859375 0.21640625
0 0.58046875 0.5484375 0.1390625 0.11953125
0 0.51875 0.3140625 0.1 0.0609375
0 0.6109375 0.259375 0.071875 0.04140625
0 0.11328125 0.6015625 0.1234375 0.13046875
1 0.41796875 0.40390625 0.0609375 0.253125
1 0.33984375 0.47109375 0.0765625 0.2640625
1 0.03828125 0.9 0.0765625 0.2
