0 0.51875 0.309375 0.1 0.05859375
1 0.190625 0.6390625 0.0875 0.38359375
0 0.3546875 0.79296875 0.184375 0.20859375
0 0.73203125 0.3859375 0.0984375 0.0609375
0 0.58046875 0.54609375 0.1390625 0.11953125
0 0.1109375 0.603125 0.125 0.13359375
0 0.6109375 0.25703125 0.071875 0.0359375
1 0.36015625 0.48203125 0.1109375 0.246875
1 0.41015625 0.3609375 0.0734375 0.16640625
0 0.365625 0.4125 0.121875 0.08046875
0 0.7921875 0.30390625 0.071875 0.04140625
1 0.81484375 0.2875 0.0390625 0.125
1 0.78046875 0.29453125 0.0453125 0.08359375
1 0.7796875 0.4140625 0.059375 0.228125
