1 0.33828125 0.47109375 0.0796875 0.24140625
1 0.03984375 0.8984375 0.0796875 0.203125
1 0.4171875 0.359375 0.0625 0.15859375
0 0.7921875 0.30390625 0.071875 0.04140625
1 0.81640625 0.2859375 0.0390625 0.121875
1 0.77890625 0.29296875 0.0453125 0.08046875
1 0.7765625 0.415625 0.059375 0.225
0 0.365625 0.4125 0.121875 0.08046875
0 0.6109375 0.25703125 0.071875 0.0359375
0 0.51875 0.309375 0.1 0.05859375
0 0.58046875 0.54609375 0.1390625 0.11953125
0 0.3546875 0.79296875 0.184375 0.20859375
0 0.73203125 0.3859375 0.0984375 0.0609375
0 0.1109375 0.603125 0.125 0.13359375
