0 0.9625 0.63203125 0.075 0.14140625
0 0.72578125 0.509375 0.1390625 0.125
0 0.665625 0.834375 0.234375 0.253125
0 0.03515625 0.659375 0.0703125 0.11953125
0 0.16171875 0.371875 0.0640625 0.05546875
1 0.0609375 0.375 0.03125 0.0890625
1 0.15078125 0.26796875 0.0296875 0.11953125
1 0.25859375 0.23203125 0.0265625 0.096875
1 0.0703125 0.428125 0.03125 0.1390625
1 0.0171875 0.38203125 0.034375 0.0859375
1 0.0421875 0.49296875 0.040625 0.125
1 0.28828125 0.2390625 0.0296875 0.08359375
1 0.56484375 0.85234375 0.1578125 0.2953125
1 0.7125 0.8984375 0.153125 0.203125
1 0.20390625 0.31640625 0.0359375 0.1890625
1 0.12578125 0.3140625 0.0390625 0.1109375
1 0.1015625 0.3515625 0.053125 0.13046875
1 0.80078125 0.54296875 0.0859375 0.25859375
1 0.7765625 0.753125 0.10625 0.271875
1 0.18125 0.2734375 0.025 0.10859375
