1 0.41796875 0.35703125 0.0609375 0.146875
1 0.33828125 0.4734375 0.0703125 0.253125
0 0.11328125 0.6015625 0.1234375 0.13046875
1 0.09921875 0.84296875 0.1515625 0.3140625
1 0.7734375 0.4125 0.0625 0.23046875
1 0.7796875 0.29453125 0.046875 0.071875
1 0.81484375 0.28359375 0.0390625 0.11640625
0 0.80234375 0.30546875 0.0515625 0.04453125
0 0.73046875 0.3859375 0.0953125 0.0609375
1 0.03828125 0.9 0.0765625 0.2
0 0.51875 0.3140625 0.1 0.0609375
0 0.58046875 0.5484375 0.1390625 0.11953125
0 0.35546875 0.79140625 0.1859375 0.21640625
0 0.6109375 0.259375 0.071875 0.04140625
