1 0.33828125 0.48046875 0.0796875 0.26640625
1 0.41484375 0.4 0.0640625 0.2390625
0 0.365625 0.4125 0.121875 0.08046875
1 0.78203125 0.409375 0.0578125 0.2359375
1 0.7796875 0.290625 0.046875 0.075
0 0.790625 0.30390625 0.06875 0.04140625
0 0.609375 0.25546875 0.071875 0.03359375
0 0.51953125 0.3125 0.0984375 0.05859375
0 0.57890625 0.54609375 0.1390625 0.11953125
0 0.35546875 0.79140625 0.1828125 0.20546875
0 0.1125 0.6015625 0.125 0.13046875
0 0.73203125 0.3859375 0.0984375 0.0609375
1 0.81640625 0.28359375 0.0390625 0.121875
1 0.0375 0.9 0.075 0.2
