0 0.365625 0.4125 0.121875 0.08046875
1 0.42109375 0.38046875 0.0609375 0.20546875
1 0.36484375 0.484375 0.1078125 0.2359375
0 0.609375 0.25546875 0.071875 0.03359375
0 0.51953125 0.3125 0.0984375 0.05859375
0 0.57890625 0.54609375 0.1390625 0.11953125
0 0.35546875 0.79140625 0.1828125 0.20546875
0 0.1125 0.6015625 0.125 0.13046875
1 0.87578125 0.209375 0.0359375 0.146875
1 0.03671875 0.909375 0.0734375 0.18046875
1 0.78125 0.4015625 0.05625 0.20859375
0 0.790625 0.303125 0.06875 0.04453125
0 0.73203125 0.3859375 0.0984375 0.0609375
1 0.22109375 0.734375 0.0890625 0.503125
