0 0.73203125 0.3859375 0.0984375 0.0609375
0 0.35546875 0.79140625 0.1828125 0.20546875
1 0.3375 0.4765625 0.08125 0.2640625
1 0.41953125 0.3734375 0.0578125 0.196875
0 0.365625 0.4125 0.121875 0.08046875
1 0.153125 0.82734375 0.13125 0.3453125
1 0.7796875 0.3984375 0.05625 0.2140625
0 0.609375 0.25546875 0.071875 0.03359375
0 0.51953125 0.3125 0.0984375 0.05859375
0 0.57890625 0.54609375 0.1390625 0.11953125
0 0.1125 0.6015625 0.125 0.13046875
0 0.790625 0.303125 0.06875 0.04453125
1 0.0359375 0.8953125 0.071875 0.209375
