1 0.575 0.85234375 0.171875 0.2953125
1 0.71875 0.90703125 0.15 0.1859375
1 0.7796875 0.7609375 0.096875 0.28359375
1 0.80234375 0.53046875 0.0765625 0.228125
0 0.6734375 0.84140625 0.21875 0.26640625
0 0.96328125 0.63359375 0.0734375 0.1390625
0 0.72421875 0.50859375 0.1359375 0.121875
1 0.59453125 0.621875 0.1140625 0.23359375
1 0.121875 0.29140625 0.034375 0.05
1 0.29375 0.2109375 0.03125 0.078125
1 0.25078125 0.221875 0.0359375 0.10546875
1 0.18125 0.2734375 0.04375 0.09140625
1 0.15 0.246875 0.03125 0.08359375
1 0.19375 0.3765625 0.046875 0.13046875
1 0.096875 0.35703125 0.0375 0.11953125
1 0.04765625 0.375 0.0453125 0.0890625
1 0.06875 0.425 0.046875 0.16640625
1 0.0421875 0.50390625 0.04375 0.11953125
1 0.01328125 0.578125 0.0265625 0.08359375
0 0.0359375 0.6609375 0.071875 0.121875
