1 0.040625 0.503125 0.04375 0.121875
1 0.065625 0.4109375 0.05 0.1390625
1 0.0484375 0.371875 0.04375 0.0890625
1 0.096875 0.35546875 0.040625 0.128125
1 0.12421875 0.290625 0.0328125 0.0640625
1 0.19453125 0.38359375 0.0453125 0.15
1 0.18046875 0.29140625 0.0390625 0.13359375
1 0.24921875 0.22890625 0.0359375 0.096875
1 0.29453125 0.215625 0.0296875 0.075
0 0.6734375 0.84140625 0.21875 0.26640625
0 0.03515625 0.6609375 0.0703125 0.121875
1 0.803125 0.5390625 0.075 0.24453125
1 0.77890625 0.75546875 0.0984375 0.271875
1 0.74453125 0.9125 0.1078125 0.175
1 0.575 0.85234375 0.16875 0.2953125
1 0.5875 0.63359375 0.109375 0.21640625
0 0.96328125 0.63359375 0.0734375 0.1390625
0 0.72421875 0.50859375 0.1359375 0.121875
