1 0.53984375 0.31640625 0.0578125 0.19453125
0 0.3640625 0.4125 0.121875 0.08046875
1 0.40859375 0.3890625 0.0734375 0.221875
1 0.3375 0.47890625 0.08125 0.246875
1 0.8703125 0.21640625 0.028125 0.13359375
1 0.0328125 0.9078125 0.065625 0.184375
0 0.51875 0.3109375 0.1 0.0609375
0 0.728125 0.38359375 0.09375 0.0609375
0 0.1109375 0.5984375 0.125 0.13046875
0 0.3546875 0.790625 0.184375 0.20859375
0 0.5796875 0.54609375 0.140625 0.11953125
0 0.790625 0.303125 0.06875 0.0390625
0 0.609375 0.25703125 0.071875 0.0359375
