1 0.49375 0.271875 0.03125 0.08359375
1 0.0359375 0.8703125 0.071875 0.259375
1 0.496875 0.734375 0.078125 0.23046875
1 0.6234375 0.7890625 0.071875 0.2
1 0.71171875 0.64609375 0.0546875 0.26953125
1 0.76171875 0.6640625 0.0484375 0.1609375
1 0.81796875 0.528125 0.0390625 0.20546875
1 0.8140625 0.35859375 0.034375 0.1390625
1 0.41796875 0.325 0.0421875 0.071875
1 0.43046875 0.39296875 0.0578125 0.1640625
1 0.3640625 0.39296875 0.034375 0.13046875
1 0.33984375 0.3515625 0.0203125 0.0859375
1 0.26796875 0.37890625 0.0390625 0.153125
1 0.20390625 0.384375 0.0453125 0.146875
1 0.12578125 0.40703125 0.0453125 0.16953125
1 0.06328125 0.434375 0.0640625 0.14140625
0 0.08359375 0.40390625 0.0609375 0.04140625
0 0.59140625 0.725 0.1015625 0.10546875
0 0.340625 0.803125 0.1125 0.13359375
0 0.775 0.640625 0.078125 0.08046875
0 0.23046875 0.36640625 0.0546875 0.0390625
0 0.38671875 0.36953125 0.0734375 0.06640625
