1 0.20078125 0.390625 0.0546875 0.14140625
1 0.21875 0.63046875 0.078125 0.3109375
1 0.2734375 0.35390625 0.0375 0.096875
1 0.2515625 0.4390625 0.05 0.2109375
1 0.3390625 0.35703125 0.021875 0.08046875
1 0.3625 0.39140625 0.034375 0.13359375
1 0.4171875 0.3234375 0.021875 0.0640625
1 0.42890625 0.3890625 0.0578125 0.171875
1 0.01171875 0.43046875 0.0234375 0.1390625
0 0.38671875 0.36953125 0.0734375 0.06640625
0 0.23046875 0.36640625 0.0546875 0.0390625
0 0.08359375 0.40390625 0.0609375 0.04140625
0 0.33984375 0.8015625 0.1109375 0.125
0 0.775 0.640625 0.078125 0.08046875
1 0.63203125 0.778125 0.0890625 0.19453125
1 0.70859375 0.540625 0.0515625 0.253125
1 0.8140625 0.4734375 0.046875 0.175
1 0.80703125 0.66640625 0.0546875 0.1390625
1 0.81328125 0.55703125 0.0265625 0.11953125
1 0.8578125 0.55 0.053125 0.2109375
1 0.88359375 0.609375 0.0515625 0.196875
1 0.9203125 0.659375 0.04375 0.10859375
1 0.52109375 0.275 0.0296875 0.0609375
1 0.6203125 0.275 0.028125 0.071875
1 0.43828125 0.79296875 0.0890625 0.1640625
1 0.56640625 0.54296875 0.0515625 0.2640625
1 0.46015625 0.57109375 0.0703125 0.28046875
0 0.58984375 0.721875 0.0984375 0.10546875
