1 0.87734375 0.6625 0.0515625 0.1640625
1 0.9640625 0.5375 0.03125 0.10859375
1 0.9890625 0.6609375 0.021875 0.15
1 0.8296875 0.55703125 0.04375 0.2140625
0 0.23046875 0.36640625 0.0546875 0.0390625
1 0.4234375 0.79140625 0.09375 0.13359375
1 0.48359375 0.8140625 0.0671875 0.10546875
1 0.63203125 0.778125 0.0890625 0.20546875
0 0.58984375 0.721875 0.0984375 0.10546875
0 0.33984375 0.8015625 0.1109375 0.125
0 0.775 0.640625 0.078125 0.08046875
1 0.94765625 0.61640625 0.0765625 0.121875
1 0.89609375 0.67890625 0.0421875 0.14140625
1 0.7984375 0.31796875 0.01875 0.046875
0 0.09296875 0.409375 0.0671875 0.046875
1 0.271875 0.38359375 0.04375 0.15546875
1 0.4265625 0.3875 0.040625 0.13046875
1 0.36328125 0.39140625 0.0359375 0.128125
1 0.340625 0.35703125 0.025 0.075
1 0.41015625 0.31953125 0.0296875 0.05546875
1 0.2 0.38203125 0.053125 0.13046875
1 0.1234375 0.415625 0.04375 0.1859375
1 0.01484375 0.421875 0.0296875 0.13359375
0 0.39453125 0.36953125 0.0796875 0.06640625
