0 0.23046875 0.36640625 0.0546875 0.0390625
0 0.38671875 0.36953125 0.0734375 0.06640625
0 0.775 0.640625 0.078125 0.08046875
1 0.0640625 0.43046875 0.059375 0.1609375
0 0.08359375 0.40390625 0.0609375 0.04140625
1 0.128125 0.4125 0.046875 0.1640625
1 0.203125 0.38359375 0.04375 0.15
1 0.26875 0.3859375 0.0375 0.1609375
1 0.3375 0.359375 0.021875 0.0859375
1 0.621875 0.79140625 0.075 0.1890625
1 0.365625 0.39140625 0.034375 0.128125
1 0.4171875 0.32109375 0.03125 0.0640625
1 0.4296875 0.39140625 0.05625 0.15546875
1 0.5 0.26953125 0.0375 0.09453125
1 0.8203125 0.52890625 0.04375 0.20859375
1 0.9515625 0.96484375 0.0625 0.0703125
1 0.88671875 0.625 0.0421875 0.178125
1 0.89921875 0.69140625 0.1015625 0.221875
1 0.0234375 0.78203125 0.046875 0.2359375
0 0.590625 0.721875 0.1 0.10546875
0 0.34140625 0.8 0.1140625 0.128125
