1 0.0109375 0.41953125 0.021875 0.121875
1 0.4390625 0.79140625 0.090625 0.1609375
1 0.63046875 0.778125 0.0890625 0.1890625
1 0.678125 0.5890625 0.05625 0.2609375
1 0.85390625 0.55546875 0.0453125 0.2
1 0.890625 0.62890625 0.040625 0.2140625
1 0.84609375 0.346875 0.0296875 0.13359375
1 0.5171875 0.2734375 0.028125 0.06953125
1 0.42421875 0.396875 0.0421875 0.14453125
1 0.41796875 0.3140625 0.0296875 0.05
1 0.365625 0.39296875 0.034375 0.13046875
1 0.34296875 0.3609375 0.0234375 0.0890625
1 0.26796875 0.3875 0.0421875 0.153125
1 0.20078125 0.3859375 0.0546875 0.1390625
0 0.38671875 0.36953125 0.0734375 0.06640625
0 0.08359375 0.40390625 0.0609375 0.04140625
0 0.58984375 0.721875 0.0984375 0.10546875
0 0.23046875 0.36640625 0.0546875 0.0390625
0 0.33984375 0.8015625 0.1109375 0.125
0 0.775 0.640625 0.078125 0.08046875
