0 0.23046875 0.36640625 0.0546875 0.0390625
0 0.34140625 0.8 0.1140625 0.128125
0 0.590625 0.721875 0.1 0.10546875
1 0.85 0.571875 0.059375 0.2390625
0 0.38671875 0.36953125 0.0734375 0.06640625
1 0.96015625 0.56953125 0.0484375 0.19453125
1 0.059375 0.434375 0.053125 0.14140625
1 0.12421875 0.409375 0.0515625 0.1640625
1 0.20390625 0.3859375 0.0453125 0.14453125
1 0.26796875 0.378125 0.0390625 0.1390625
1 0.33828125 0.35859375 0.0203125 0.078125
1 0.365625 0.39296875 0.034375 0.125
1 0.4203125 0.315625 0.034375 0.06953125
1 0.43046875 0.3890625 0.0578125 0.15546875
1 0.62890625 0.2875 0.0265625 0.06953125
1 0.8265625 0.33046875 0.021875 0.0890625
1 0.76796875 0.45546875 0.0421875 0.1390625
1 0.746875 0.55546875 0.046875 0.19453125
1 0.83828125 0.50390625 0.0453125 0.2140625
1 0.86015625 0.640625 0.0390625 0.13046875
1 0.909375 0.6359375 0.059375 0.23359375
1 0.97265625 0.83203125 0.0546875 0.16953125
1 0.6234375 0.796875 0.078125 0.1890625
1 0.3859375 0.76640625 0.0875 0.228125
1 0.37265625 0.65546875 0.0671875 0.19453125
0 0.775 0.640625 0.078125 0.08046875
0 0.08359375 0.40390625 0.0609375 0.04140625
