0 0.38671875 0.36953125 0.0734375 0.06640625
1 0.0109375 0.434375 0.021875 0.13046875
1 0.06640625 0.415625 0.0328125 0.20859375
1 0.1265625 0.4140625 0.040625 0.1609375
1 0.20234375 0.38359375 0.0390625 0.13359375
1 0.26875 0.3734375 0.040625 0.1359375
1 0.34140625 0.359375 0.0203125 0.0859375
1 0.36640625 0.390625 0.0328125 0.13046875
1 0.40859375 0.325 0.0359375 0.0609375
1 0.42890625 0.39296875 0.0515625 0.15859375
1 0.53203125 0.275 0.0234375 0.06640625
1 0.61640625 0.28046875 0.0203125 0.05546875
1 0.8859375 0.34453125 0.025 0.121875
1 0.96328125 0.9375 0.0578125 0.125
1 0.4609375 0.803125 0.078125 0.1390625
1 0.62578125 0.75859375 0.1015625 0.16640625
0 0.58984375 0.721875 0.0984375 0.10546875
1 0.86015625 0.5484375 0.0484375 0.2140625
0 0.33984375 0.8015625 0.1109375 0.125
0 0.775 0.640625 0.078125 0.08046875
0 0.23046875 0.36640625 0.0546875 0.0390625
0 0.08359375 0.40390625 0.0609375 0.04140625
1 0.1078125 0.775 0.071875 0.321875
1 0.49375 0.58359375 0.0875 0.2890625
1 0.79765625 0.53046875 0.0453125 0.1609375
