1 0.771875 0.51953125 0.04375 0.171875
1 0.36171875 0.3890625 0.0390625 0.13359375
1 0.0359375 0.74609375 0.065625 0.25859375
0 0.08359375 0.40390625 0.0609375 0.04140625
0 0.775 0.640625 0.078125 0.08046875
0 0.23046875 0.36640625 0.0546875 0.0390625
1 0.1234375 0.409375 0.05 0.16953125
1 0.26796875 0.378125 0.0390625 0.13359375
1 0.20390625 0.39296875 0.0421875 0.153125
0 0.33984375 0.8015625 0.1109375 0.125
1 0.85859375 0.546875 0.0484375 0.2109375
1 0.93046875 0.603125 0.0546875 0.20546875
1 0.878125 0.403125 0.03125 0.1109375
1 0.88828125 0.32890625 0.0234375 0.096875
1 0.48984375 0.43359375 0.0484375 0.23359375
1 0.42890625 0.41796875 0.0578125 0.203125
1 0.42109375 0.3515625 0.0296875 0.075
1 0.409375 0.321875 0.025 0.05546875
1 0.6265625 0.7609375 0.1 0.16640625
1 0.0640625 0.43046875 0.0375 0.15546875
0 0.58984375 0.721875 0.0984375 0.10546875
0 0.38671875 0.36953125 0.0734375 0.06640625
