1 0.7578125 0.40859375 0.04375 0.178125
1 0.62109375 0.2734375 0.0265625 0.0640625
1 0.51015625 0.28046875 0.0265625 0.071875
1 0.01328125 0.428125 0.0265625 0.15
1 0.26875 0.3734375 0.040625 0.13046875
1 0.3390625 0.3609375 0.021875 0.078125
1 0.2 0.384375 0.040625 0.146875
1 0.365625 0.39140625 0.03125 0.13359375
1 0.41171875 0.33046875 0.0265625 0.06640625
1 0.4296875 0.390625 0.05625 0.15859375
1 0.12734375 0.40703125 0.0453125 0.146875
1 0.06328125 0.43046875 0.0453125 0.15546875
0 0.08359375 0.40390625 0.0609375 0.04140625
0 0.23046875 0.36640625 0.0546875 0.0390625
0 0.590625 0.7265625 0.096875 0.10859375
1 0.03828125 0.85859375 0.0578125 0.2609375
1 0.5453125 0.703125 0.071875 0.26640625
1 0.7578125 0.665625 0.05 0.175
1 0.7921875 0.6484375 0.040625 0.16953125
1 0.87578125 0.61796875 0.0453125 0.15859375
1 0.9046875 0.5734375 0.0375 0.1859375
1 0.9671875 0.94296875 0.065625 0.1140625
1 0.85859375 0.409375 0.0421875 0.1640625
1 0.80625 0.3890625 0.03125 0.14453125
0 0.33984375 0.8015625 0.1109375 0.125
0 0.38671875 0.36953125 0.0734375 0.06640625
