0 0.38671875 0.36953125 0.0734375 0.06640625
1 0.871875 0.61640625 0.034375 0.16640625
1 0.8625 0.55 0.05 0.20546875
1 0.8359375 0.5765625 0.05 0.2140625
1 0.7375 0.67890625 0.0625 0.29140625
1 0.63046875 0.78046875 0.0921875 0.19453125
1 0.42734375 0.80390625 0.1015625 0.1359375
1 0.36328125 0.39140625 0.0390625 0.128125
1 0.2671875 0.384375 0.040625 0.153125
1 0.19921875 0.3859375 0.0515625 0.1390625
1 0.51953125 0.275 0.0296875 0.071875
1 0.14453125 0.440625 0.0421875 0.196875
1 0.01171875 0.4265625 0.0234375 0.1359375
1 0.3421875 0.353125 0.025 0.08359375
1 0.4234375 0.396875 0.04375 0.15
1 0.415625 0.315625 0.03125 0.053125
1 0.6203125 0.28203125 0.021875 0.05859375
1 0.85390625 0.3484375 0.0296875 0.13046875
0 0.33984375 0.8015625 0.1109375 0.125
0 0.58984375 0.721875 0.0984375 0.10546875
0 0.08359375 0.40390625 0.0609375 0.04140625
0 0.23046875 0.36640625 0.0546875 0.0390625
0 0.775 0.640625 0.078125 0.08046875
