0 0.33984375 0.8015625 0.1109375 0.125
1 0.7859375 0.6375 0.04375 0.196875
1 0.63203125 0.778125 0.0890625 0.19453125
1 0.4375 0.79296875 0.09375 0.15859375
0 0.38671875 0.36953125 0.0734375 0.06640625
0 0.58984375 0.721875 0.0984375 0.10546875
0 0.775 0.640625 0.078125 0.08046875
0 0.23046875 0.36640625 0.0546875 0.0390625
0 0.08359375 0.40390625 0.0609375 0.04140625
1 0.87734375 0.35390625 0.0265625 0.13046875
1 0.890625 0.64296875 0.046875 0.20859375
1 0.9109375 0.66640625 0.046875 0.178125
1 0.853125 0.55703125 0.05 0.196875
1 0.4140625 0.321875 0.03125 0.06640625
1 0.42578125 0.39296875 0.0421875 0.153125
1 0.3375 0.35703125 0.021875 0.08046875
1 0.3625 0.390625 0.0375 0.13046875
1 0.2734375 0.38046875 0.04375 0.1609375
1 0.20234375 0.3890625 0.0546875 0.14453125
1 0.0125 0.42890625 0.025 0.14140625
1 0.52109375 0.2734375 0.0296875 0.06953125
1 0.621875 0.27890625 0.028125 0.05859375
