1 0.01015625 0.43046875 0.0203125 0.13359375
1 0.065625 0.4359375 0.06875 0.14453125
1 0.12890625 0.40546875 0.0421875 0.178125
1 0.2046875 0.384375 0.046875 0.146875
1 0.26875 0.378125 0.0375 0.14453125
1 0.3390625 0.35859375 0.021875 0.08359375
1 0.36484375 0.39140625 0.0390625 0.128125
1 0.41640625 0.321875 0.0359375 0.071875
1 0.43046875 0.390625 0.0546875 0.15859375
1 0.496875 0.278125 0.034375 0.08359375
1 0.82265625 0.3515625 0.0328125 0.1359375
1 0.91953125 0.93046875 0.0953125 0.1390625
1 0.81640625 0.53203125 0.0453125 0.2140625
1 0.73515625 0.6890625 0.0453125 0.25
1 0.7 0.64453125 0.059375 0.25546875
1 0.62421875 0.79296875 0.0796875 0.19140625
1 0.0359375 0.8640625 0.071875 0.2609375
0 0.34140625 0.8 0.1140625 0.128125
0 0.590625 0.721875 0.1 0.10546875
0 0.23046875 0.36640625 0.0546875 0.0390625
0 0.38671875 0.36953125 0.0734375 0.06640625
0 0.775 0.640625 0.078125 0.08046875
0 0.08359375 0.40390625 0.0609375 0.04140625
