0 0.775 0.640625 0.078125 0.08046875
0 0.23046875 0.36640625 0.0546875 0.0390625
0 0.08359375 0.40390625 0.0609375 0.04140625
0 0.33984375 0.8015625 0.1109375 0.125
0 0.58984375 0.721875 0.0984375 0.10546875
1 0.428125 0.796875 0.10625 0.15546875
1 0.63046875 0.784375 0.0953125 0.2140625
0 0.38671875 0.36953125 0.0734375 0.06640625
1 0.97109375 0.94140625 0.0578125 0.11640625
1 0.7875 0.4625 0.04375 0.16953125
1 0.83046875 0.53359375 0.0453125 0.2
1 0.8453125 0.425 0.034375 0.10546875
1 0.809375 0.34140625 0.021875 0.1
1 0.42109375 0.38359375 0.0515625 0.128125
1 0.41640625 0.3140625 0.0265625 0.0609375
1 0.36171875 0.39140625 0.0359375 0.128125
1 0.340625 0.35546875 0.025 0.08359375
1 0.27109375 0.38359375 0.0484375 0.1609375
1 0.196875 0.3890625 0.053125 0.13359375
1 0.01171875 0.409375 0.0234375 0.10859375
