0 0.38671875 0.36953125 0.0734375 0.06640625
0 0.775 0.640625 0.078125 0.08046875
1 0.83828125 0.52109375 0.0546875 0.21953125
0 0.590625 0.7234375 0.1 0.10859375
1 0.01015625 0.42890625 0.0203125 0.13046875
1 0.06484375 0.434375 0.0453125 0.14140625
1 0.1265625 0.40859375 0.046875 0.16640625
1 0.20390625 0.3859375 0.0453125 0.15
1 0.26953125 0.38359375 0.0390625 0.15546875
1 0.31796875 0.43359375 0.0671875 0.23359375
1 0.3390625 0.40703125 0.0375 0.20859375
1 0.36484375 0.39140625 0.0359375 0.128125
1 0.4234375 0.390625 0.059375 0.16953125
1 0.415625 0.3140625 0.01875 0.05
1 0.4921875 0.27890625 0.03125 0.08046875
1 0.69140625 0.64453125 0.0546875 0.25
1 0.7296875 0.7015625 0.0625 0.2640625
1 0.93671875 0.93046875 0.0640625 0.1390625
0 0.23046875 0.36640625 0.0546875 0.0390625
1 0.8875 0.653125 0.05625 0.2
1 0.1109375 0.5984375 0.05625 0.2140625
0 0.08359375 0.40390625 0.0609375 0.04140625
0 0.340625 0.80390625 0.1125 0.13046875
1 0.03515625 0.8609375 0.0703125 0.26640625
1 0.12734375 0.7265625 0.0984375 0.29140625
