0 0.33984375 0.8015625 0.1109375 0.125
1 0.6296875 0.7515625 0.1125 0.16953125
0 0.775 0.640625 0.078125 0.08046875
0 0.58984375 0.721875 0.0984375 0.10546875
0 0.38671875 0.36953125 0.0734375 0.06640625
0 0.23046875 0.36640625 0.0546875 0.0390625
0 0.08359375 0.40390625 0.0609375 0.04140625
1 0.12578125 0.4140625 0.0515625 0.1609375
1 0.26875 0.3765625 0.040625 0.1359375
1 0.20234375 0.36953125 0.0328125 0.11640625
1 0.178125 0.4609375 0.0625 0.21640625
1 0.06171875 0.428125 0.0390625 0.15546875
1 0.01171875 0.42890625 0.0234375 0.1359375
1 0.79296875 0.5234375 0.0421875 0.175
1 0.97109375 0.9078125 0.0578125 0.184375
1 0.1609375 0.78203125 0.1 0.346875
1 0.03515625 0.8515625 0.0703125 0.253125
1 0.625 0.3515625 0.034375 0.18046875
1 0.465625 0.4234375 0.034375 0.203125
1 0.428125 0.39140625 0.053125 0.1609375
1 0.4125 0.325 0.028125 0.06640625
1 0.3625 0.3890625 0.034375 0.128125
1 0.3375 0.3609375 0.021875 0.08359375
1 0.66640625 0.35390625 0.0296875 0.15859375
1 0.85390625 0.34140625 0.0328125 0.13359375
1 0.8625 0.55390625 0.05 0.203125
