0 0.33984375 0.8015625 0.1109375 0.125
0 0.775 0.640625 0.078125 0.08046875
0 0.23046875 0.36640625 0.0546875 0.0390625
0 0.08359375 0.40390625 0.0609375 0.04140625
1 0.43828125 0.796875 0.0921875 0.16640625
1 0.63203125 0.7765625 0.0890625 0.196875
1 0.778125 0.63359375 0.04375 0.2109375
0 0.38671875 0.36953125 0.0734375 0.06640625
1 0.85546875 0.615625 0.0546875 0.16953125
1 0.85703125 0.52109375 0.0421875 0.13046875
1 0.9109375 0.62890625 0.053125 0.21953125
1 0.8640625 0.790625 0.053125 0.246875
1 0.82578125 0.353125 0.0234375 0.1390625
1 0.61796875 0.284375 0.0265625 0.0640625
1 0.51875 0.2765625 0.03125 0.075
1 0.425 0.39453125 0.046875 0.15546875
1 0.4171875 0.32109375 0.025 0.05859375
1 0.36328125 0.3890625 0.0390625 0.13359375
1 0.3359375 0.35859375 0.021875 0.078125
1 0.26796875 0.3859375 0.0484375 0.1609375
1 0.19921875 0.390625 0.0546875 0.146875
1 0.02265625 0.465625 0.0421875 0.20859375
0 0.58984375 0.721875 0.0984375 0.10546875
