1 0.63046875 0.7765625 0.0890625 0.203125
1 0.4390625 0.79296875 0.090625 0.16953125
1 0.19921875 0.73046875 0.0640625 0.31640625
1 0.41328125 0.328125 0.0328125 0.08359375
1 0.43046875 0.38359375 0.0578125 0.14453125
1 0.3390625 0.35703125 0.021875 0.08046875
1 0.3609375 0.39296875 0.0375 0.13046875
1 0.27265625 0.384375 0.0390625 0.16953125
1 0.20078125 0.39140625 0.0546875 0.14453125
1 0.17109375 0.4484375 0.0453125 0.20859375
1 0.01640625 0.403125 0.0203125 0.0890625
1 0.06484375 0.6109375 0.0578125 0.221875
1 0.08125 0.696875 0.0875 0.271875
0 0.775 0.640625 0.078125 0.08046875
0 0.33984375 0.8015625 0.1109375 0.125
0 0.58984375 0.721875 0.0984375 0.10546875
0 0.08359375 0.40390625 0.0609375 0.04140625
0 0.23046875 0.36640625 0.0546875 0.0390625
1 0.8578125 0.553125 0.05 0.20546875
1 0.8234375 0.559375 0.034375 0.11953125
1 0.80390625 0.5109375 0.0328125 0.1
1 0.78515625 0.646875 0.0546875 0.18359375
1 0.71953125 0.68203125 0.0609375 0.275
0 0.38671875 0.36953125 0.0734375 0.06640625
1 0.653125 0.30859375 0.028125 0.13359375
1 0.51484375 0.275 0.0296875 0.071875
