0 0.08359375 0.40390625 0.0609375 0.04140625
0 0.23046875 0.36640625 0.0546875 0.0390625
0 0.38671875 0.36953125 0.0734375 0.06640625
1 0.61953125 0.27890625 0.0234375 0.053125
1 0.51953125 0.27890625 0.0296875 0.075
1 0.42734375 0.39453125 0.0421875 0.15546875
1 0.36328125 0.390625 0.0359375 0.13046875
1 0.3390625 0.35859375 0.021875 0.078125
1 0.27734375 0.3875 0.0453125 0.15859375
1 0.2 0.3890625 0.053125 0.14453125
1 0.053125 0.44609375 0.04375 0.19140625
1 0.01171875 0.43203125 0.0234375 0.14140625
1 0.82890625 0.3515625 0.0203125 0.1359375
1 0.8640625 0.7890625 0.065625 0.24453125
1 0.90234375 0.609375 0.0515625 0.1859375
1 0.86015625 0.546875 0.0484375 0.2
1 0.82578125 0.6125 0.0453125 0.1859375
1 0.69765625 0.54296875 0.0703125 0.246875
1 0.7640625 0.6734375 0.04375 0.153125
1 0.63046875 0.771875 0.0890625 0.1890625
1 0.43828125 0.79296875 0.0921875 0.1640625
0 0.33984375 0.8015625 0.1109375 0.125
0 0.775 0.640625 0.078125 0.08046875
0 0.58984375 0.721875 0.0984375 0.10546875
