1 0.42265625 0.32109375 0.0328125 0.075
1 0.071875 0.67890625 0.071875 0.29140625
1 0.128125 0.74609375 0.08125 0.3140625
1 0.8921875 0.6859375 0.071875 0.221875
1 0.9 0.5859375 0.03125 0.08359375
1 0.8390625 0.521875 0.046875 0.221875
1 0.8265625 0.35546875 0.03125 0.13359375
1 0.51171875 0.27109375 0.0265625 0.09140625
1 0.4796875 0.371875 0.0375 0.1890625
0 0.23046875 0.36640625 0.0546875 0.0390625
1 0.62109375 0.79140625 0.0734375 0.19453125
1 0.97578125 0.828125 0.0484375 0.16640625
0 0.08359375 0.40390625 0.0609375 0.04140625
1 0.0109375 0.43203125 0.021875 0.13046875
1 0.06015625 0.43203125 0.0515625 0.146875
1 0.12421875 0.4109375 0.0421875 0.16640625
1 0.203125 0.384375 0.04375 0.146875
1 0.26796875 0.3765625 0.0390625 0.1359375
1 0.33828125 0.35703125 0.0203125 0.08046875
1 0.3640625 0.39140625 0.034375 0.13359375
1 0.43125 0.390625 0.05625 0.15859375
1 0.25625 0.79609375 0.08125 0.36953125
0 0.775 0.640625 0.078125 0.08046875
0 0.34140625 0.8 0.1140625 0.128125
0 0.590625 0.721875 0.1 0.10546875
0 0.38671875 0.36953125 0.0734375 0.06640625
