1 0.26953125 0.3734375 0.0359375 0.11953125
1 0.19765625 0.38359375 0.0359375 0.1390625
1 0.04453125 0.859375 0.0640625 0.26953125
1 0.8765625 0.76953125 0.06875 0.2609375
1 0.70703125 0.425 0.0453125 0.18359375
1 0.6109375 0.4625 0.053125 0.225
1 0.5234375 0.353125 0.03125 0.18359375
1 0.42890625 0.3890625 0.0546875 0.1609375
1 0.4109375 0.33046875 0.028125 0.06640625
1 0.3375 0.35390625 0.01875 0.08046875
1 0.3640625 0.39296875 0.03125 0.13046875
1 0.87109375 0.6625 0.0296875 0.09140625
1 0.8765625 0.58046875 0.040625 0.08359375
1 0.17578125 0.79609375 0.0765625 0.30859375
1 0.87890625 0.52109375 0.0359375 0.09140625
1 0.89453125 0.425 0.0265625 0.121875
1 0.85859375 0.34609375 0.0328125 0.13046875
1 0.7546875 0.44140625 0.040625 0.20546875
1 0.2984375 0.8953125 0.08125 0.209375
0 0.33984375 0.8015625 0.1109375 0.125
0 0.775 0.640625 0.078125 0.08046875
0 0.23046875 0.36640625 0.0546875 0.0390625
0 0.08359375 0.40390625 0.0609375 0.04140625
0 0.38671875 0.36953125 0.0734375 0.06640625
0 0.5890625 0.725 0.1 0.1109375
1 0.5453125 0.696875 0.071875 0.278125
1 0.03828125 0.50546875 0.0671875 0.2390625
1 0.05546875 0.40703125 0.0265625 0.10859375
1 0.0796875 0.475 0.040625 0.1890625
1 0.12421875 0.40546875 0.0453125 0.13359375
