1 0.9609375 0.56953125 0.046875 0.1890625
1 0.0109375 0.43046875 0.021875 0.13359375
1 0.05859375 0.4359375 0.0515625 0.15
1 0.1234375 0.4109375 0.05 0.16640625
1 0.4203125 0.31640625 0.03125 0.071875
1 0.36328125 0.39140625 0.0328125 0.128125
0 0.08359375 0.40390625 0.0609375 0.04140625
1 0.20390625 0.3875 0.0421875 0.146875
1 0.83828125 0.50703125 0.0390625 0.21953125
1 0.9125 0.6484375 0.059375 0.225
1 0.8765625 0.58203125 0.0625 0.225
1 0.9015625 0.35 0.028125 0.1109375
1 0.86796875 0.35 0.0296875 0.128125
1 0.5140625 0.271875 0.025 0.071875
1 0.43125 0.3875 0.05625 0.153125
1 0.26953125 0.37890625 0.0359375 0.146875
1 0.33671875 0.3625 0.0203125 0.08046875
0 0.34140625 0.8 0.1140625 0.128125
0 0.23046875 0.36640625 0.0546875 0.0390625
0 0.775 0.640625 0.078125 0.08046875
0 0.590625 0.721875 0.1 0.10546875
1 0.4390625 0.803125 0.090625 0.14453125
0 0.38671875 0.36953125 0.0734375 0.06640625
1 0.715625 0.640625 0.046875 0.25859375
1 0.79140625 0.67890625 0.0453125 0.096875
1 0.7078125 0.51953125 0.078125 0.24453125
1 0.6234375 0.79296875 0.078125 0.19140625
