0 0.38671875 0.36953125 0.0734375 0.06640625
0 0.08359375 0.40390625 0.0609375 0.04140625
1 0.0125 0.40390625 0.025 0.09140625
1 0.20390625 0.390625 0.0546875 0.14140625
1 0.2703125 0.3765625 0.046875 0.153125
1 0.33828125 0.35546875 0.0203125 0.08359375
1 0.36484375 0.39140625 0.0328125 0.128125
1 0.4140625 0.31953125 0.028125 0.06640625
1 0.4265625 0.38203125 0.046875 0.14140625
1 0.87578125 0.4515625 0.0421875 0.1640625
1 0.84140625 0.55390625 0.0484375 0.20859375
1 0.871875 0.59609375 0.053125 0.1859375
1 0.96484375 0.9265625 0.0515625 0.146875
1 0.684375 0.8375 0.078125 0.296875
1 0.63046875 0.784375 0.0921875 0.2140625
1 0.51953125 0.8015625 0.0546875 0.096875
1 0.44140625 0.79453125 0.0921875 0.15546875
1 0.26875 0.58359375 0.065625 0.2890625
1 0.21328125 0.73203125 0.0953125 0.29140625
0 0.775 0.640625 0.078125 0.08046875
0 0.34140625 0.8 0.1140625 0.128125
0 0.59296875 0.7234375 0.1046875 0.10859375
0 0.23046875 0.36640625 0.0546875 0.0390625
