0 0.775 0.640625 0.078125 0.08046875
1 0.203125 0.390625 0.059375 0.14140625
1 0.33671875 0.35703125 0.0203125 0.08046875
1 0.26640625 0.3875 0.0609375 0.16953125
0 0.59296875 0.7234375 0.1046875 0.10859375
0 0.34140625 0.8 0.1140625 0.128125
0 0.23046875 0.36640625 0.0546875 0.0390625
1 0.0125 0.40859375 0.025 0.1
1 0.4109375 0.3265625 0.021875 0.06953125
1 0.36484375 0.390625 0.0328125 0.13046875
0 0.38671875 0.36953125 0.0734375 0.06640625
1 0.19453125 0.7234375 0.0765625 0.31953125
0 0.08359375 0.40390625 0.0609375 0.04140625
1 0.8703125 0.6015625 0.05625 0.19140625
1 0.846875 0.5640625 0.065625 0.19453125
1 0.42578125 0.3859375 0.0453125 0.13359375
1 0.52578125 0.35390625 0.0296875 0.18046875
1 0.96875 0.92890625 0.053125 0.14140625
1 0.9109375 0.659375 0.046875 0.1859375
1 0.44140625 0.79609375 0.0984375 0.153125
1 0.63046875 0.78359375 0.0921875 0.20546875
1 0.6390625 0.5734375 0.05625 0.246875
1 0.5921875 0.559375 0.071875 0.2359375
