0 0.775 0.640625 0.078125 0.08046875
0 0.33984375 0.8015625 0.1109375 0.125
0 0.08359375 0.40390625 0.0609375 0.04140625
0 0.23046875 0.36640625 0.0546875 0.0390625
1 0.06484375 0.42890625 0.0390625 0.153125
1 0.7703125 0.5234375 0.046875 0.175
1 0.8625 0.5484375 0.05625 0.21953125
1 0.89296875 0.6109375 0.0546875 0.21640625
1 0.209375 0.6125 0.0875 0.296875
1 0.03046875 0.77109375 0.0609375 0.325
1 0.6546875 0.92734375 0.096875 0.1453125
0 0.58984375 0.721875 0.0984375 0.10546875
1 0.125 0.4109375 0.05 0.16640625
1 0.6265625 0.7609375 0.1 0.16640625
0 0.38671875 0.36953125 0.0734375 0.06640625
1 0.26953125 0.3765625 0.0390625 0.14140625
1 0.33671875 0.35703125 0.0203125 0.08046875
1 0.20390625 0.39140625 0.0453125 0.1609375
1 0.3640625 0.39609375 0.034375 0.13046875
1 0.4140625 0.3234375 0.025 0.05859375
1 0.43125 0.39296875 0.053125 0.15859375
1 0.8046875 0.35859375 0.034375 0.1390625
1 0.8359375 0.36953125 0.034375 0.15546875
1 0.88359375 0.34609375 0.0328125 0.13046875
