1 0.96640625 0.9390625 0.0578125 0.121875
0 0.58984375 0.721875 0.0984375 0.10546875
0 0.33984375 0.8015625 0.1109375 0.125
0 0.775 0.640625 0.078125 0.08046875
0 0.23046875 0.36640625 0.0546875 0.0390625
0 0.08359375 0.40390625 0.0609375 0.04140625
1 0.0140625 0.421875 0.028125 0.14453125
1 0.1109375 0.44609375 0.05 0.20859375
1 0.2046875 0.3859375 0.040625 0.1390625
1 0.26640625 0.375 0.0421875 0.1390625
1 0.365625 0.3890625 0.03125 0.128125
1 0.3390625 0.35703125 0.021875 0.0859375
1 0.4140625 0.321875 0.028125 0.06640625
1 0.42734375 0.39609375 0.0515625 0.15859375
1 0.621875 0.28046875 0.021875 0.0609375
1 0.51953125 0.278125 0.0296875 0.078125
1 0.9171875 0.34609375 0.025 0.1140625
1 0.884375 0.34609375 0.03125 0.125
1 0.859375 0.546875 0.05 0.2109375
1 0.8265625 0.5640625 0.03125 0.1109375
1 0.80703125 0.64140625 0.0453125 0.16640625
1 0.91484375 0.628125 0.0765625 0.2
1 0.428125 0.796875 0.103125 0.1390625
0 0.38671875 0.36953125 0.0734375 0.06640625
1 0.62578125 0.7609375 0.1015625 0.1609375
