1 0.06484375 0.43359375 0.0453125 0.15
1 0.12578125 0.40546875 0.0484375 0.14453125
1 0.2015625 0.3859375 0.040625 0.15546875
1 0.26796875 0.375 0.0390625 0.14453125
1 0.3390625 0.35703125 0.021875 0.0859375
1 0.3625 0.39296875 0.0375 0.13046875
1 0.4203125 0.390625 0.05 0.16953125
1 0.47109375 0.35546875 0.0390625 0.18359375
1 0.49921875 0.275 0.0234375 0.08359375
1 0.85 0.34609375 0.025 0.13046875
1 0.90546875 0.57109375 0.0453125 0.1640625
1 0.90625 0.6640625 0.053125 0.19453125
1 0.9671875 0.9328125 0.065625 0.134375
1 0.7765625 0.6515625 0.053125 0.16953125
1 0.7328125 0.6859375 0.053125 0.28359375
1 0.584375 0.5640625 0.059375 0.2390625
1 0.159375 0.7625 0.096875 0.34140625
1 0.0390625 0.865625 0.06875 0.25859375
0 0.38671875 0.36953125 0.0734375 0.06640625
0 0.33984375 0.8015625 0.1109375 0.125
0 0.23046875 0.36640625 0.0546875 0.0390625
0 0.08359375 0.40390625 0.0609375 0.04140625
0 0.7734375 0.64140625 0.078125 0.078125
0 0.590625 0.725 0.1 0.10546875
