1 0.428125 0.796875 0.103125 0.1390625
1 0.62578125 0.7609375 0.1015625 0.1609375
0 0.38671875 0.36953125 0.0734375 0.06640625
1 0.51875 0.27890625 0.028125 0.06953125
1 0.01171875 0.425 0.0234375 0.14453125
1 0.88671875 0.346875 0.0265625 0.121875
1 0.86015625 0.5484375 0.0484375 0.20859375
1 0.81328125 0.515625 0.0328125 0.09140625
1 0.82578125 0.56640625 0.0296875 0.11640625
1 0.8015625 0.64609375 0.040625 0.175
1 0.9703125 0.9203125 0.059375 0.159375
0 0.58984375 0.721875 0.0984375 0.10546875
1 0.10859375 0.44609375 0.0296875 0.20859375
1 0.33828125 0.35859375 0.0203125 0.08359375
1 0.3640625 0.39140625 0.034375 0.13359375
1 0.26640625 0.3734375 0.0421875 0.14140625
1 0.20078125 0.3859375 0.0546875 0.15
0 0.33984375 0.8015625 0.1109375 0.125
0 0.775 0.640625 0.078125 0.08046875
0 0.23046875 0.36640625 0.0546875 0.0390625
0 0.08359375 0.40390625 0.0609375 0.04140625
1 0.41484375 0.3234375 0.0296875 0.06953125
1 0.4296875 0.3890625 0.053125 0.1609375
1 0.6234375 0.28203125 0.028125 0.05859375
