1 0.61328125 0.7984375 0.0671875 0.25859375
0 0.59140625 0.725 0.1015625 0.10546875
0 0.340625 0.803125 0.1125 0.13359375
0 0.775 0.640625 0.078125 0.08046875
0 0.23046875 0.36640625 0.0546875 0.0390625
0 0.08359375 0.40390625 0.0609375 0.04140625
1 0.865625 0.478125 0.034375 0.16640625
1 0.84140625 0.521875 0.0484375 0.221875
1 0.934375 0.93046875 0.0625 0.1390625
1 0.6921875 0.65546875 0.05625 0.25
1 0.7296875 0.69140625 0.05625 0.25546875
1 0.19140625 0.85390625 0.0953125 0.29140625
1 0.04375 0.840625 0.0625 0.2140625
0 0.38671875 0.36953125 0.0734375 0.06640625
1 0.26796875 0.378125 0.0390625 0.1390625
1 0.49453125 0.27890625 0.0296875 0.06953125
1 0.20390625 0.3859375 0.0421875 0.15546875
1 0.12890625 0.40546875 0.0421875 0.178125
1 0.06328125 0.43359375 0.0484375 0.1390625
1 0.7734375 0.3625 0.0375 0.1640625
1 0.809375 0.359375 0.028125 0.14140625
1 0.85859375 0.3609375 0.0265625 0.10546875
1 0.4171875 0.3234375 0.03125 0.06953125
1 0.365625 0.39296875 0.0375 0.13046875
1 0.33671875 0.35859375 0.0203125 0.08359375
1 0.43203125 0.3890625 0.0578125 0.1609375
