1 0.09921875 0.575 0.0578125 0.25546875
1 0.26796875 0.371875 0.0390625 0.13359375
1 0.3234375 0.58203125 0.08125 0.30859375
1 0.51640625 0.275 0.0328125 0.078125
1 0.6203125 0.3515625 0.0375 0.16953125
1 0.6453125 0.3359375 0.025 0.14453125
1 0.65625 0.378125 0.0375 0.18359375
1 0.853125 0.346875 0.034375 0.13359375
1 0.69296875 0.53046875 0.0515625 0.23359375
1 0.86171875 0.55390625 0.0421875 0.203125
1 0.87421875 0.61796875 0.0453125 0.15859375
1 0.059375 0.43046875 0.040625 0.15
1 0.12421875 0.4125 0.0578125 0.1640625
1 0.19765625 0.38203125 0.0328125 0.146875
1 0.03515625 0.85390625 0.0703125 0.246875
1 0.22265625 0.8234375 0.0984375 0.353125
1 0.0078125 0.43046875 0.015625 0.128125
1 0.42578125 0.39140625 0.0484375 0.1609375
0 0.38671875 0.36953125 0.0734375 0.06640625
0 0.33984375 0.8015625 0.1109375 0.125
0 0.775 0.640625 0.078125 0.08046875
0 0.23046875 0.36640625 0.0546875 0.0390625
0 0.08359375 0.40390625 0.0609375 0.04140625
1 0.61953125 0.75703125 0.0703125 0.325
1 0.3375 0.359375 0.021875 0.08046875
1 0.36484375 0.390625 0.0328125 0.13046875
1 0.4109375 0.3265625 0.028125 0.06953125
