0 0.08359375 0.40390625 0.0609375 0.04140625
1 0.0109375 0.43203125 0.021875 0.13046875
1 0.05390625 0.41640625 0.0328125 0.2109375
1 0.09140625 0.428125 0.0359375 0.2
1 0.13125 0.4015625 0.046875 0.146875
1 0.2015625 0.3875 0.0375 0.153125
1 0.26875 0.375 0.0375 0.1390625
1 0.36484375 0.39140625 0.0328125 0.128125
1 0.33828125 0.35703125 0.0203125 0.0859375
1 0.4046875 0.328125 0.028125 0.0609375
1 0.42890625 0.390625 0.0578125 0.1640625
1 0.6171875 0.27890625 0.021875 0.05859375
1 0.88359375 0.34296875 0.0265625 0.125
1 0.86015625 0.5484375 0.0453125 0.20859375
1 0.821875 0.6390625 0.04375 0.16640625
1 0.9671875 0.94296875 0.059375 0.1140625
1 0.1265625 0.8875 0.1 0.225
0 0.23046875 0.36640625 0.0546875 0.0390625
1 0.62578125 0.7609375 0.1015625 0.1609375
1 0.428125 0.796875 0.103125 0.1390625
0 0.58984375 0.721875 0.0984375 0.10546875
0 0.38671875 0.36953125 0.0734375 0.06640625
0 0.775 0.640625 0.078125 0.08046875
0 0.33984375 0.8015625 0.1109375 0.125
