0 0.775 0.640625 0.078125 0.08046875
0 0.33984375 0.8015625 0.1109375 0.125
0 0.08359375 0.40390625 0.0609375 0.04140625
0 0.23046875 0.36640625 0.0546875 0.0390625
0 0.58984375 0.721875 0.0984375 0.10546875
0 0.38671875 0.36953125 0.0734375 0.06640625
1 0.6265625 0.7609375 0.1 0.16640625
1 0.3390625 0.35859375 0.021875 0.078125
1 0.6328125 0.5359375 0.06875 0.25546875
1 0.634375 0.93046875 0.090625 0.1390625
1 0.3640625 0.3890625 0.03125 0.128125
1 0.2671875 0.378125 0.040625 0.14453125
1 0.20546875 0.39140625 0.0453125 0.1609375
1 0.4296875 0.390625 0.053125 0.15859375
1 0.8609375 0.55 0.05 0.2109375
1 0.128125 0.409375 0.04375 0.1640625
1 0.0640625 0.43203125 0.040625 0.15859375
1 0.76953125 0.525 0.0484375 0.178125
1 0.6890625 0.54609375 0.05625 0.246875
