0 0.08359375 0.40390625 0.0609375 0.04140625
0 0.23046875 0.36640625 0.0546875 0.0390625
0 0.775 0.640625 0.078125 0.08046875
1 0.3640625 0.390625 0.0375 0.13046875
0 0.590625 0.725 0.1 0.10546875
1 0.0109375 0.43046875 0.021875 0.13359375
1 0.06171875 0.4359375 0.0484375 0.14453125
1 0.12890625 0.409375 0.0390625 0.1640625
1 0.20390625 0.38359375 0.0421875 0.14453125
1 0.26875 0.375 0.040625 0.1390625
1 0.34609375 0.33359375 0.0265625 0.0890625
1 0.4140625 0.328125 0.03125 0.078125
1 0.43046875 0.39453125 0.0578125 0.16640625
1 0.48671875 0.28203125 0.0296875 0.0859375
1 0.796875 0.3875 0.040625 0.16953125
1 0.82734375 0.346875 0.0234375 0.11640625
1 0.85625 0.34609375 0.03125 0.1359375
1 0.9234375 0.61796875 0.053125 0.20859375
1 0.8078125 0.5125 0.04375 0.21953125
1 0.725 0.66796875 0.05 0.2640625
1 0.66875 0.6375 0.059375 0.275
1 0.34921875 0.83046875 0.0796875 0.30546875
1 0.04140625 0.87890625 0.0609375 0.2359375
0 0.38671875 0.36953125 0.0734375 0.06640625
