1 0.6265625 0.7609375 0.1 0.16640625
1 0.69375 0.9609375 0.134375 0.078125
1 0.034375 0.85 0.06875 0.24453125
1 0.88828125 0.32890625 0.0234375 0.0859375
1 0.78515625 0.5265625 0.0453125 0.175
1 0.85859375 0.553125 0.0515625 0.20546875
1 0.93984375 0.58359375 0.0390625 0.14453125
0 0.08359375 0.40390625 0.0609375 0.04140625
0 0.38671875 0.36953125 0.0734375 0.06640625
1 0.0640625 0.43203125 0.0375 0.146875
1 0.11953125 0.4140625 0.0453125 0.1609375
1 0.1984375 0.3859375 0.034375 0.15
1 0.26875 0.38046875 0.0375 0.14453125
1 0.3375 0.3625 0.021875 0.0859375
1 0.3640625 0.390625 0.03125 0.13046875
1 0.41015625 0.325 0.0234375 0.06640625
1 0.43046875 0.39140625 0.0546875 0.15546875
1 0.51953125 0.275 0.0265625 0.071875
1 0.621875 0.35390625 0.040625 0.175
1 0.66484375 0.35546875 0.0296875 0.15546875
1 0.921875 0.6609375 0.03125 0.05546875
1 0.96015625 0.94453125 0.0796875 0.1109375
0 0.775 0.640625 0.078125 0.08046875
0 0.33984375 0.8015625 0.1109375 0.125
0 0.23046875 0.36640625 0.0546875 0.0390625
0 0.58984375 0.721875 0.0984375 0.10546875
