1 0.4375 0.79453125 0.09375 0.1609375
1 0.01015625 0.43359375 0.0203125 0.13359375
1 0.20390625 0.3890625 0.0546875 0.14453125
1 0.271875 0.38359375 0.05 0.15546875
1 0.365625 0.39140625 0.04375 0.13359375
1 0.33671875 0.35703125 0.0234375 0.08046875
1 0.41484375 0.321875 0.0328125 0.0609375
1 0.42578125 0.39453125 0.0421875 0.15546875
1 0.51875 0.27890625 0.028125 0.0640625
1 0.6234375 0.28359375 0.028125 0.05546875
1 0.86875 0.353125 0.021875 0.128125
1 0.8890625 0.6390625 0.040625 0.2109375
1 0.93046875 0.66640625 0.0671875 0.16640625
1 0.8546875 0.55546875 0.046875 0.2
1 0.7859375 0.6359375 0.04375 0.2
1 0.6328125 0.778125 0.0875 0.19453125
0 0.38671875 0.36953125 0.0734375 0.06640625
0 0.33984375 0.8015625 0.1109375 0.125
0 0.58984375 0.721875 0.0984375 0.10546875
0 0.775 0.640625 0.078125 0.08046875
0 0.23046875 0.36640625 0.0546875 0.0390625
0 0.08359375 0.40390625 0.0609375 0.04140625
