1 0.903125 0.346875 0.01875 0.0890625
1 0.27734375 0.3859375 0.0453125 0.1609375
1 0.359375 0.39140625 0.040625 0.13359375
1 0.41875 0.31953125 0.028125 0.05546875
0 0.58984375 0.721875 0.0984375 0.10546875
1 0.82109375 0.6140625 0.0453125 0.19453125
1 0.4359375 0.79140625 0.09375 0.1609375
1 0.62890625 0.7765625 0.0921875 0.196875
1 0.77265625 0.665625 0.0546875 0.1359375
1 0.86640625 0.7765625 0.0640625 0.25859375
1 0.42578125 0.39296875 0.0421875 0.153125
1 0.87265625 0.60546875 0.0484375 0.18359375
1 0.934375 0.61640625 0.04375 0.1390625
1 0.859375 0.55 0.05 0.20546875
1 0.9140625 0.415625 0.0375 0.146875
0 0.38671875 0.36953125 0.0734375 0.06640625
0 0.33984375 0.8015625 0.1109375 0.125
0 0.775 0.640625 0.078125 0.08046875
0 0.23046875 0.36640625 0.0546875 0.0390625
0 0.08359375 0.40390625 0.0609375 0.04140625
1 0.09375 0.45390625 0.034375 0.20859375
1 0.20078125 0.3890625 0.0546875 0.14453125
1 0.52734375 0.2734375 0.0296875 0.06953125
1 0.61953125 0.278125 0.0265625 0.0609375
1 0.0125 0.42890625 0.025 0.14140625
