1 0.6328125 0.79140625 0.09375 0.1890625
1 0.3890625 0.759375 0.075 0.25859375
0 0.38671875 0.36953125 0.0734375 0.06640625
1 0.2078125 0.7265625 0.065625 0.346875
1 0.0109375 0.43359375 0.021875 0.128125
1 0.05859375 0.43359375 0.0515625 0.1390625
1 0.12421875 0.40703125 0.0515625 0.175
1 0.2046875 0.38359375 0.046875 0.1390625
1 0.26953125 0.3734375 0.0390625 0.13046875
1 0.3375 0.35859375 0.021875 0.08359375
1 0.36484375 0.39140625 0.0359375 0.128125
1 0.43125 0.3890625 0.05625 0.15546875
1 0.42265625 0.32109375 0.0328125 0.06953125
1 0.51171875 0.2734375 0.0265625 0.08046875
1 0.82890625 0.35703125 0.0390625 0.13046875
1 0.975 0.83203125 0.046875 0.15859375
1 0.9359375 0.64609375 0.0625 0.11953125
1 0.92109375 0.42890625 0.0296875 0.11953125
1 0.75625 0.528125 0.053125 0.221875
1 0.84375 0.51953125 0.059375 0.21640625
1 0.86640625 0.5625 0.0296875 0.08046875
1 0.865625 0.6359375 0.04375 0.13359375
0 0.08359375 0.40390625 0.0609375 0.04140625
0 0.23046875 0.36640625 0.0546875 0.0390625
0 0.775 0.640625 0.078125 0.08046875
0 0.590625 0.721875 0.1 0.10546875
0 0.34140625 0.8 0.1140625 0.128125
