0 0.23046875 0.36640625 0.0546875 0.0390625
0 0.08359375 0.40390625 0.0609375 0.04140625
1 0.62578125 0.7609375 0.1015625 0.1609375
0 0.775 0.640625 0.078125 0.08046875
1 0.428125 0.796875 0.103125 0.1390625
0 0.38671875 0.36953125 0.0734375 0.06640625
0 0.58984375 0.721875 0.0984375 0.10546875
1 0.20078125 0.3890625 0.0390625 0.15546875
1 0.8828125 0.6515625 0.046875 0.225
1 0.26875 0.37890625 0.0375 0.14140625
1 0.415625 0.31796875 0.021875 0.05859375
1 0.36484375 0.39140625 0.0328125 0.128125
0 0.33984375 0.8015625 0.1109375 0.125
1 0.89375 0.44296875 0.034375 0.146875
1 0.91875 0.42890625 0.028125 0.1140625
1 0.01015625 0.43203125 0.0203125 0.1359375
1 0.621875 0.28359375 0.021875 0.0609375
1 0.70546875 0.378125 0.0484375 0.171875
1 0.96640625 0.93984375 0.0609375 0.1203125
1 0.57578125 0.40546875 0.0453125 0.2
1 0.80390625 0.64609375 0.0421875 0.18046875
1 0.546875 0.6 0.08125 0.278125
1 0.34140625 0.35390625 0.0234375 0.08046875
1 0.12265625 0.4265625 0.0390625 0.1859375
1 0.42421875 0.39453125 0.0453125 0.15546875
1 0.86015625 0.5515625 0.0453125 0.2140625
1 0.88515625 0.34296875 0.0296875 0.125
