0 0.1125 0.6015625 0.125 0.13046875
1 0.6875 0.2015625 0.0375 0.175
1 0.32421875 0.640625 0.1203125 0.196875
1 0.3296875 0.46953125 0.08125 0.24453125
1 0.4109375 0.4109375 0.075 0.24453125
0 0.6078125 0.25703125 0.075 0.0359375
0 0.790625 0.3015625 0.06875 0.04140625
0 0.728125 0.3859375 0.09375 0.0609375
0 0.5796875 0.54609375 0.1375 0.11953125
0 0.365625 0.409375 0.121875 0.0859375
1 0.53984375 0.315625 0.0609375 0.203125
0 0.51796875 0.3125 0.0984375 0.05859375
0 0.35546875 0.790625 0.1828125 0.20859375
