0 0.3671875 0.415625 0.121875 0.08046875
0 0.5796875 0.54609375 0.140625 0.11953125
0 0.51875 0.3125 0.1 0.05859375
0 0.3546875 0.79609375 0.184375 0.2140625
0 0.11171875 0.5984375 0.1265625 0.13046875
0 0.72890625 0.3875 0.0953125 0.0640625
1 0.18671875 0.671875 0.1015625 0.44453125
1 0.1625 0.48359375 0.03125 0.10546875
1 0.63203125 0.26953125 0.0484375 0.171875
0 0.609375 0.25703125 0.084375 0.04140625
0 0.78984375 0.30546875 0.0703125 0.04453125
1 0.77734375 0.396875 0.0671875 0.221875
1 0.7640625 0.28359375 0.053125 0.16640625
1 0.81484375 0.2890625 0.0421875 0.13359375
