1 0.54296875 0.2625 0.0515625 0.09140625
0 0.51875 0.3125 0.1 0.05859375
1 0.80859375 0.309375 0.0515625 0.18046875
0 0.11171875 0.5984375 0.1265625 0.13046875
0 0.3671875 0.415625 0.121875 0.08046875
0 0.5796875 0.54609375 0.140625 0.11953125
0 0.3546875 0.79609375 0.184375 0.2140625
0 0.7296875 0.3890625 0.09375 0.0609375
0 0.609375 0.25703125 0.084375 0.04140625
0 0.78984375 0.30546875 0.0703125 0.04453125
1 0.16484375 0.48359375 0.0328125 0.1
1 0.18359375 0.671875 0.1015625 0.4390625
1 0.63203125 0.26953125 0.0484375 0.171875
