0 0.73125 0.3890625 0.09375 0.0609375
0 0.5796875 0.54609375 0.140625 0.11953125
0 0.3546875 0.79609375 0.184375 0.2140625
1 0.178125 0.56953125 0.0625 0.30546875
1 0.3796875 0.52109375 0.1 0.36953125
0 0.51875 0.3125 0.1 0.05859375
1 0.678125 0.2515625 0.040625 0.203125
0 0.3671875 0.415625 0.121875 0.08046875
0 0.790625 0.303125 0.06875 0.04453125
1 0.5421875 0.26796875 0.046875 0.09140625
0 0.11171875 0.5984375 0.1265625 0.13046875
0 0.609375 0.25703125 0.084375 0.04140625
1 0.63359375 0.2640625 0.0453125 0.18359375
