0 0.96328125 0.63203125 0.0734375 0.14140625
0 0.7296875 0.509375 0.14375 0.125
0 0.66953125 0.840625 0.2265625 0.2640625
0 0.034375 0.6625 0.06875 0.125
0 0.0359375 0.453125 0.071875 0.1
1 0.290625 0.215625 0.028125 0.08046875
1 0.25 0.2375 0.034375 0.11953125
1 0.18828125 0.275 0.0453125 0.10546875
1 0.14765625 0.2515625 0.0359375 0.096875
1 0.09765625 0.34453125 0.0453125 0.121875
1 0.1984375 0.34453125 0.034375 0.121875
1 0.14375 0.4234375 0.0875 0.14140625
1 0.1484375 0.65390625 0.115625 0.48046875
1 0.01796875 0.5734375 0.0359375 0.1140625
1 0.06328125 0.38203125 0.0390625 0.10859375
0 0.1578125 0.3765625 0.075 0.0640625
0 0.225 0.265625 0.05625 0.0359375
