0 0.96328125 0.63203125 0.0734375 0.14140625
0 0.72734375 0.50859375 0.1421875 0.121875
0 0.6703125 0.84140625 0.225 0.2609375
0 0.03515625 0.6609375 0.0703125 0.11640625
0 0.034375 0.45390625 0.065625 0.0859375
1 0.80703125 0.5609375 0.0796875 0.278125
1 0.29296875 0.21640625 0.0328125 0.08359375
1 0.25546875 0.225 0.0296875 0.0890625
1 0.234375 0.26953125 0.046875 0.09453125
1 0.1890625 0.265625 0.0375 0.075
1 0.2 0.34140625 0.028125 0.121875
1 0.14375 0.41640625 0.0875 0.1609375
1 0.121875 0.29140625 0.034375 0.09453125
1 0.09375 0.340625 0.04375 0.103125
1 0.065625 0.3890625 0.0375 0.128125
