0 0.159375 0.36953125 0.06875 0.05546875
0 0.2203125 0.265625 0.0625 0.04140625
0 0.9625 0.63203125 0.075 0.14140625
0 0.66953125 0.84140625 0.2265625 0.2609375
0 0.03515625 0.6625 0.0703125 0.11953125
0 0.7265625 0.50859375 0.140625 0.121875
1 0.040625 0.5015625 0.040625 0.1140625
1 0.8015625 0.55859375 0.084375 0.29453125
1 0.2171875 0.578125 0.0875 0.41640625
1 0.31875 0.1984375 0.03125 0.1140625
1 0.28671875 0.2125 0.0390625 0.096875
1 0.253125 0.24140625 0.03125 0.11640625
1 0.190625 0.2640625 0.034375 0.09453125
1 0.15078125 0.259375 0.0328125 0.103125
1 0.1234375 0.2890625 0.0375 0.08359375
1 0.096875 0.3609375 0.04375 0.15546875
1 0.0546875 0.37109375 0.021875 0.0859375
1 0.0640625 0.4234375 0.04375 0.15859375
1 0.0140625 0.571875 0.028125 0.1
