1 0.065625 0.41640625 0.040625 0.15
1 0.0484375 0.375 0.03125 0.0890625
0 0.96328125 0.63359375 0.0734375 0.1390625
1 0.0390625 0.4890625 0.040625 0.128125
0 0.66953125 0.84296875 0.2265625 0.2640625
0 0.03515625 0.665625 0.0703125 0.125
0 0.72578125 0.509375 0.1390625 0.125
1 0.1796875 0.775 0.14375 0.45
1 0.80078125 0.55859375 0.0859375 0.2890625
1 0.19140625 0.26640625 0.0328125 0.0890625
1 0.11953125 0.28359375 0.0265625 0.06640625
1 0.31796875 0.203125 0.0328125 0.10546875
1 0.2859375 0.209375 0.040625 0.08046875
1 0.253125 0.2375 0.03125 0.103125
1 0.14921875 0.253125 0.0296875 0.09453125
1 0.15234375 0.4140625 0.0953125 0.14453125
1 0.19609375 0.3375 0.0359375 0.125
1 0.09375 0.33359375 0.034375 0.1109375
