0 0.3546875 0.79140625 0.184375 0.2109375
0 0.60859375 0.25859375 0.0765625 0.0390625
0 0.51875 0.3140625 0.1 0.0609375
0 0.7296875 0.3875 0.096875 0.0640625
0 0.58046875 0.54609375 0.1390625 0.11953125
0 0.11171875 0.6015625 0.1234375 0.13046875
0 0.36328125 0.4109375 0.1234375 0.08359375
0 0.79296875 0.303125 0.0703125 0.04453125
1 0.16796875 0.4609375 0.0296875 0.078125
1 0.18203125 0.6359375 0.0921875 0.3890625
1 0.06328125 0.8203125 0.1265625 0.359375
1 0.40859375 0.36953125 0.0796875 0.1890625
1 0.359375 0.47890625 0.115625 0.246875
1 0.8140625 0.284375 0.040625 0.125
1 0.78203125 0.303125 0.0484375 0.0890625
1 0.7734375 0.41796875 0.065625 0.225
