1 0.5328125 0.37109375 0.1 0.25859375
0 0.1125 0.5984375 0.125 0.13046875
1 0.12109375 0.6625 0.0890625 0.303125
0 0.51875 0.3125 0.1 0.05859375
1 0.18125 0.57109375 0.0625 0.303125
1 0.5515625 0.26796875 0.034375 0.103125
1 0.6453125 0.128125 0.01875 0.05
0 0.6046875 0.2625 0.08125 0.053125
0 0.3546875 0.79296875 0.184375 0.2140625
0 0.36484375 0.4140625 0.1234375 0.08359375
0 0.5796875 0.54609375 0.140625 0.11953125
0 0.73125 0.3859375 0.09375 0.0609375
0 0.78984375 0.3015625 0.0671875 0.04140625
