1 0.2 0.359375 0.028125 0.1640625
1 0.15078125 0.2609375 0.0328125 0.1109375
1 0.18359375 0.27109375 0.0328125 0.096875
1 0.01875 0.38203125 0.0375 0.06953125
1 0.11953125 0.2875 0.0359375 0.06953125
0 0.9625 0.63359375 0.075 0.14453125
1 0.79375 0.55546875 0.103125 0.3109375
0 0.72890625 0.509375 0.1453125 0.125
0 0.6703125 0.840625 0.228125 0.2640625
0 0.03515625 0.6609375 0.0703125 0.121875
1 0.0640625 0.41796875 0.03125 0.18046875
1 0.14375 0.415625 0.08125 0.15859375
1 0.28984375 0.221875 0.0296875 0.09453125
1 0.253125 0.2390625 0.028125 0.11640625
0 0.0359375 0.45 0.071875 0.09453125
0 0.2234375 0.265625 0.05625 0.0359375
