0 0.2234375 0.265625 0.05625 0.0359375
0 0.6703125 0.840625 0.228125 0.2640625
1 0.01015625 0.3765625 0.0203125 0.0859375
1 0.0390625 0.50546875 0.05 0.15546875
1 0.06875 0.45859375 0.0375 0.21640625
1 0.10078125 0.428125 0.0609375 0.2609375
0 0.9625 0.63359375 0.075 0.14453125
1 0.79375 0.55546875 0.103125 0.3109375
0 0.72890625 0.509375 0.1453125 0.125
1 0.0140625 0.575 0.028125 0.1
0 0.03515625 0.6609375 0.0703125 0.121875
1 0.14609375 0.41640625 0.0796875 0.15546875
1 0.11875 0.284375 0.040625 0.075
1 0.19921875 0.34453125 0.0296875 0.1390625
1 0.15078125 0.25390625 0.0328125 0.096875
1 0.1953125 0.26640625 0.0375 0.09453125
1 0.25390625 0.2390625 0.0296875 0.11640625
1 0.290625 0.215625 0.03125 0.0859375
