1 0.18828125 0.25546875 0.0234375 0.0609375
1 0.11875 0.28046875 0.034375 0.0609375
0 0.0359375 0.45 0.071875 0.09453125
1 0.19765625 0.36796875 0.0328125 0.175
1 0.16171875 0.27109375 0.0421875 0.125
1 0.09296875 0.3390625 0.0390625 0.11640625
1 0.14296875 0.41953125 0.0859375 0.15546875
0 0.2234375 0.265625 0.05625 0.0359375
1 0.0140625 0.36953125 0.028125 0.078125
1 0.14765625 0.246875 0.0265625 0.08359375
1 0.0625 0.38203125 0.034375 0.1140625
1 0.25234375 0.2375 0.0296875 0.125
1 0.28828125 0.21796875 0.0296875 0.08046875
0 0.6703125 0.840625 0.228125 0.2640625
0 0.03515625 0.6609375 0.0703125 0.121875
0 0.9625 0.63359375 0.075 0.14453125
1 0.79375 0.55546875 0.103125 0.3109375
0 0.72890625 0.509375 0.1453125 0.125
