1 0.15390625 0.2640625 0.0359375 0.11640625
1 0.20234375 0.36953125 0.0328125 0.18359375
1 0.11875 0.2875 0.034375 0.06953125
1 0.14375 0.4140625 0.084375 0.1609375
1 0.059375 0.396875 0.04375 0.14453125
1 0.1859375 0.26953125 0.03125 0.0890625
1 0.315625 0.1984375 0.03125 0.11953125
1 0.253125 0.23359375 0.03125 0.121875
1 0.29140625 0.21796875 0.0328125 0.0859375
0 0.9625 0.63359375 0.075 0.14453125
0 0.2234375 0.265625 0.05625 0.0359375
1 0.79375 0.55546875 0.103125 0.3109375
0 0.6703125 0.840625 0.228125 0.2640625
0 0.03515625 0.6609375 0.0703125 0.121875
0 0.72890625 0.509375 0.1453125 0.125
0 0.0359375 0.45 0.071875 0.09453125
