1 0.2015625 0.2515625 0.0375 0.11953125
1 0.0625 0.3984375 0.034375 0.14140625
0 0.0359375 0.45 0.071875 0.09453125
1 0.290625 0.215625 0.028125 0.08046875
1 0.196875 0.35546875 0.03125 0.171875
0 0.2234375 0.265625 0.05625 0.0359375
1 0.11875 0.278125 0.0375 0.071875
1 0.2546875 0.2359375 0.028125 0.1109375
1 0.1515625 0.23203125 0.03125 0.05859375
1 0.1421875 0.41640625 0.0875 0.1609375
1 0.084375 0.315625 0.034375 0.146875
0 0.6703125 0.840625 0.228125 0.2640625
0 0.03515625 0.6609375 0.0703125 0.121875
0 0.9625 0.63359375 0.075 0.14453125
1 0.79375 0.55546875 0.103125 0.3109375
0 0.72890625 0.509375 0.1453125 0.125
