0 0.2234375 0.265625 0.05625 0.0359375
0 0.0359375 0.45 0.071875 0.09453125
1 0.0640625 0.39296875 0.0375 0.13046875
1 0.01796875 0.390625 0.0359375 0.08046875
1 0.290625 0.21953125 0.03125 0.08359375
1 0.253125 0.2375 0.03125 0.103125
1 0.1828125 0.27109375 0.03125 0.096875
1 0.15234375 0.2640625 0.0328125 0.1109375
1 0.1984375 0.3609375 0.03125 0.1609375
1 0.14296875 0.415625 0.0859375 0.1640625
1 0.11796875 0.2859375 0.0359375 0.071875
0 0.9625 0.63359375 0.075 0.14453125
1 0.79375 0.55546875 0.103125 0.3109375
0 0.72890625 0.509375 0.1453125 0.125
0 0.6703125 0.840625 0.228125 0.2640625
0 0.03515625 0.6609375 0.0703125 0.121875
