1 0.1203125 0.28046875 0.034375 0.06640625
1 0.06796875 0.45703125 0.0359375 0.2140625
1 0.05625 0.4875 0.040625 0.196875
1 0.19609375 0.35859375 0.0359375 0.171875
1 0.29140625 0.21796875 0.0328125 0.0859375
1 0.18515625 0.265625 0.0328125 0.103125
1 0.1515625 0.2625 0.034375 0.10859375
1 0.253125 0.23359375 0.03125 0.121875
1 0.14453125 0.41796875 0.0828125 0.153125
1 0.79375 0.55546875 0.103125 0.3109375
0 0.72890625 0.509375 0.1453125 0.125
0 0.6703125 0.840625 0.228125 0.2640625
0 0.03515625 0.6609375 0.0703125 0.121875
0 0.2234375 0.265625 0.05625 0.0359375
0 0.9625 0.63359375 0.075 0.14453125
