1 0.79375 0.55546875 0.103125 0.3109375
0 0.72890625 0.509375 0.1453125 0.125
0 0.6703125 0.840625 0.228125 0.2640625
0 0.03515625 0.6609375 0.0703125 0.121875
1 0.0671875 0.4609375 0.03125 0.21640625
0 0.2234375 0.265625 0.05625 0.0359375
1 0.290625 0.215625 0.03125 0.0859375
1 0.2484375 0.240625 0.0375 0.1140625
1 0.1921875 0.265625 0.034375 0.09140625
1 0.1515625 0.2609375 0.0375 0.1109375
1 0.1984375 0.365625 0.028125 0.16953125
1 0.12265625 0.290625 0.0328125 0.0859375
1 0.1453125 0.41640625 0.078125 0.1609375
1 0.10078125 0.42890625 0.0609375 0.25859375
1 0.0625 0.34296875 0.015625 0.03046875
1 0.040625 0.5015625 0.053125 0.153125
1 0.01640625 0.5765625 0.0328125 0.103125
0 0.9625 0.63359375 0.075 0.14453125
