0 0.2234375 0.265625 0.05625 0.0359375
0 0.0359375 0.45 0.071875 0.09453125
0 0.9625 0.63359375 0.075 0.14453125
1 0.02109375 0.571875 0.0421875 0.09453125
1 0.059375 0.39140625 0.040625 0.121875
1 0.11796875 0.2890625 0.0359375 0.06640625
1 0.1421875 0.415625 0.084375 0.15859375
1 0.19765625 0.3640625 0.0328125 0.178125
1 0.79375 0.55546875 0.103125 0.3109375
0 0.72890625 0.509375 0.1453125 0.125
1 0.29140625 0.21796875 0.0328125 0.0859375
1 0.253125 0.23359375 0.03125 0.121875
1 0.178125 0.2765625 0.034375 0.096875
1 0.15 0.2625 0.028125 0.1140625
0 0.6703125 0.840625 0.228125 0.2640625
0 0.03515625 0.6609375 0.0703125 0.121875
