0 0.2234375 0.265625 0.05625 0.0359375
0 0.03515625 0.6609375 0.0703125 0.121875
0 0.6703125 0.840625 0.228125 0.2640625
0 0.72890625 0.509375 0.1453125 0.125
1 0.79375 0.55546875 0.103125 0.3109375
0 0.9625 0.63359375 0.075 0.14453125
1 0.1515625 0.2625 0.034375 0.10859375
1 0.29140625 0.21796875 0.0328125 0.0859375
1 0.253125 0.23359375 0.03125 0.121875
1 0.1921875 0.26796875 0.040625 0.09140625
1 0.196875 0.3609375 0.034375 0.16640625
1 0.14375 0.415625 0.084375 0.1640625
1 0.11875 0.29140625 0.0375 0.06640625
1 0.06875 0.48046875 0.084375 0.30546875
